855422	1.04300000
855420	0.35600000
853115	0.61400000
853110	0.92600000
853111	1.05000000
853113	0.20200000
853118	2.17600000
853119	0.53600000
850373	1.79500000
854467	0.29900000
854460	0.48500000
854463	3.30900000
855844	0.75700000
855840	1.33300000
851168	0.28700000
850411	0.12400000
851166	1.75300000
851164	1.32200000
850419	0.39000000
850747	2.47800000
852695	0.44400000
855210	0.46500000
855216	1.31000000
855219	0.35600000
855218	0.87200000
856306	0.82400000
856307	0.75700000
856304	0.22700000
856302	1.07700000
856301	0.05700000
851273	0.39000000
851272	1.38400000
851276	0.79100000
852188	0.57500000
852630	0.16300000
856748	1.78200000
856749	0.59500000
856744	1.00000000
856745	2.89900000
856742	0.66900000
856740	0.42200000
856741	0.88000000
854920	1.42800000
854921	1.97500000
854924	5.33700000
854926	0.35600000
853323	0.44400000
853327	0.20200000
853326	0.77400000
854670	1.33300000
852459	0.05700000
852450	0.56600000
856290	0.22700000
854919	1.76100000
856294	0.39000000
856295	1.01400000
856296	2.47200000
855119	1.18300000
853447	0.35600000
853589	0.61400000
853586	1.03600000
853585	0.46500000
853583	0.04300000
854310	0.65100000
855983	0.42200000
855985	1.59000000
855182	1.13800000
855187	0.75700000
850354	0.02900000
850359	0.84000000
850358	0.85600000
853912	6.67200000
851400	0.22700000
851406	7.12600000
851408	0.51600000
851952	0.63200000
851953	0.80700000
851955	0.63200000
855404	0.37900000
855405	0.87200000
855406	0.46500000
855401	1.60400000
855402	0.66000000
853469	1.19500000
853464	3.09900000
853466	0.29900000
853460	0.44400000
853461	0.07000000
853462	0.78200000
852845	0.62300000
852844	1.10400000
852847	0.48500000
852846	2.67100000
852842	0.46500000
856170	0.79900000
856179	0.70500000
854119	0.75700000
854449	0.23900000
854115	0.62300000
851557	0.32200000
851554	0.67800000
850726	1.16300000
850727	0.79900000
850725	0.34500000
850538	0.66900000
850537	1.44400000
850534	1.00700000
855238	1.22700000
855231	1.06400000
855237	1.84800000
855235	3.73400000
852256	0.35600000
852259	0.85600000
856768	0.25100000
856769	0.94900000
856761	2.00700000
856763	0.97800000
856767	0.43300000
854940	0.72200000
854946	1.22700000
852477	0.39000000
852471	0.65100000
852478	0.34500000
855190	1.01400000
853707	1.17600000
853706	1.01400000
853701	0.44400000
853702	0.01400000
851648	0.74000000
851649	1.37300000
851646	0.53600000
851645	0.17600000
851643	1.27500000
851640	0.77400000
851641	1.11800000
851398	0.36700000
851399	0.34500000
851468	0.41100000
851469	0.07000000
851462	0.13800000
851461	0.54600000
851394	0.04300000
851467	1.51100000
852282	0.13800000
852280	0.49600000
852284	0.23900000
851628	1.07000000
852866	0.83200000
852865	0.48500000
852864	0.18900000
852863	1.39500000
852862	0.07000000
852861	0.93400000
852860	0.46500000
856159	0.04300000
856153	0.44400000
856152	0.16300000
854135	0.70500000
854133	1.22000000
854131	0.46500000
854130	0.57500000
851624	0.22700000
851626	0.04300000
850703	0.16300000
851620	0.69600000
851621	0.50600000
856423	1.59000000
851434	0.29900000
851431	1.16300000
851433	3.95100000
851075	0.23900000
851074	0.64200000
851076	0.72200000
851073	1.07000000
851714	0.45400000
851717	0.66000000
851710	1.11100000
851712	0.15100000
851861	1.96300000
852679	1.91500000
856704	1.72700000
856709	0.48500000
854965	1.31600000
854966	0.96300000
854963	1.40100000
854968	1.42200000
854969	0.51600000
852498	0.72200000
852499	0.92600000
852495	0.61400000
852492	0.86400000
852493	0.63200000
855616	0.07000000
854639	2.55600000
854636	0.51600000
855949	2.01800000
855945	0.49600000
855944	0.40100000
855940	0.13800000
853729	0.04300000
853724	0.54600000
853721	0.21400000
853720	0.97100000
854090	1.00000000
854091	0.49600000
854092	0.62300000
854094	0.29900000
854095	0.40100000
854096	1.40600000
854097	0.02900000
854098	0.48500000
854099	1.17000000
851664	1.48500000
851666	0.77400000
850396	0.62900000
851916	0.73100000
851917	0.25100000
851440	0.42200000
851442	1.35000000
851911	1.99600000
851448	2.18000000
851449	0.13800000
851724	0.59500000
855373	0.83200000
852801	0.54600000
852803	0.02900000
856131	0.58500000
856132	0.44400000
856135	0.20200000
856134	0.15100000
854401	0.02900000
854155	0.33300000
854159	0.28700000
850898	1.33900000
850897	0.44400000
850890	1.28700000
850891	0.32200000
850892	1.28100000
853364	0.60400000
855167	1.48000000
855166	0.74000000
850402	1.77400000
852639	0.01400000
851059	1.41100000
851056	0.42200000
851051	0.63200000
856311	0.05700000
856310	1.06400000
856319	0.11100000
856318	0.11100000
852128	2.48300000
852129	0.81600000
852654	0.97100000
852123	1.37300000
851638	0.23900000
856728	0.97800000
856726	0.68700000
856720	0.76600000
856721	0.91800000
854989	0.07000000
854983	0.42200000
854980	0.43300000
854981	0.43300000
851633	1.86800000
851631	1.73600000
851637	0.90300000
854928	0.33300000
851635	0.86400000
856914	0.56600000
855585	1.44400000
855584	1.29300000
855586	0.20200000
855580	6.75100000
855589	0.42200000
855588	2.22300000
853528	0.74800000
853298	0.42200000
853295	1.30500000
853292	1.32200000
853290	0.22700000
853456	1.09800000
855639	0.23900000
853743	0.89500000
852984	1.17000000
855967	0.16300000
855964	0.04300000
855963	0.09800000
855962	0.11100000
855969	2.08100000
855968	0.13800000
856922	4.77300000
856920	0.49600000
856921	0.02900000
856924	0.62300000
856925	0.13800000
851608	0.77400000
851609	0.83200000
854217	0.47500000
854214	3.54800000
856291	0.02900000
851930	1.69600000
851931	0.21400000
851932	0.34500000
851935	0.33300000
851937	1.31600000
851938	1.47000000
855034	2.25400000
855036	0.31000000
855030	0.23900000
855033	0.26300000
850518	0.57500000
855359	1.43300000
855350	0.61400000
855353	0.15100000
852823	0.94100000
852822	0.33300000
852821	1.84400000
852820	0.32200000
852351	0.74000000
852825	1.02900000
852824	0.12400000
852828	1.52100000
852358	0.44400000
856113	1.95600000
856112	1.00000000
856111	0.84800000
856114	0.56600000
853198	3.32200000
853199	0.80700000
853194	0.41100000
853195	0.36700000
853193	0.09800000
854179	0.34500000
853584	0.25100000
851013	3.18900000
851541	2.18000000
851015	0.79900000
852069	0.71400000
850543	1.00700000
851034	1.82000000
851037	1.06400000
852108	0.89500000
852109	0.25100000
852104	0.81600000
852105	1.00700000
852715	0.05700000
852717	0.29900000
853503	1.00700000
853502	0.36700000
855183	0.75700000
853509	0.13800000
853508	0.86400000
855651	0.48500000
855653	0.25100000
855654	0.05700000
853761	0.08400000
853765	0.26300000
853768	0.39000000
855905	0.84800000
856303	0.12400000
855907	0.62300000
856908	0.31000000
856904	0.42200000
851625	1.93000000
856906	0.56600000
851627	1.26300000
856901	0.61400000
856903	0.41100000
854234	0.20200000
851959	0.21400000
851480	0.64200000
851481	0.13800000
851482	0.34500000
851483	0.98600000
851956	0.88800000
851487	1.25100000
850685	2.08400000
850684	0.07000000
850687	0.75700000
850539	0.16300000
855016	0.37900000
855015	0.54600000
855014	0.60400000
855013	0.15100000
855012	0.70500000
855011	0.34500000
853888	1.10400000
853882	0.42200000
853881	1.82000000
853886	1.32200000
853884	1.00700000
853885	0.20200000
855333	0.42200000
855330	0.34500000
855331	0.35600000
855336	1.57000000
855337	0.35600000
855338	1.32200000
855339	0.59500000
855488	0.40100000
855480	0.05700000
852593	0.55600000
852591	0.01400000
852597	0.05700000
852596	1.02900000
856683	0.13800000
856682	0.66900000
856689	0.12400000
856688	0.09800000
854824	1.76100000
854827	0.20200000
854826	0.91800000
854821	0.58500000
854828	0.01400000
852372	0.57500000
850946	0.35600000
850947	1.20800000
850942	1.50100000
850940	1.40100000
850941	0.29900000
850949	0.45400000
851544	0.54600000
851010	1.22000000
851549	0.01400000
850870	0.91800000
851702	1.14400000
853561	0.09800000
853563	0.91800000
853562	1.10400000
853567	0.56600000
853568	0.63200000
855673	0.08400000
855675	0.56600000
853785	0.01400000
853782	0.48500000
852785	0.52600000
852783	1.73100000
852780	0.77400000
852789	0.55600000
856094	1.28100000
856093	0.75700000
856090	0.02900000
854781	0.16300000
854038	0.20200000
854039	0.16300000
854789	0.75700000
854032	0.53600000
856321	0.33300000
855929	0.04300000
855928	0.37900000
856324	0.46500000
855922	0.32200000
855927	0.51600000
855926	0.33300000
854252	0.45400000
854255	0.08500000
850559	0.95600000
850558	0.54600000
855071	1.11100000
855070	0.62300000
850554	0.86400000
855077	0.41100000
855076	0.62300000
851977	0.59500000
851972	0.20200000
851979	0.90300000
855318	0.72200000
856555	0.17600000
851205	0.26300000
856522	0.88800000
856523	0.96300000
852575	0.65100000
852576	0.93400000
852571	0.55600000
852572	0.72200000
856660	1.76100000
854805	1.47500000
855834	0.15100000
852310	1.51600000
852312	2.25100000
852314	1.78200000
855836	0.25100000
850478	0.05700000
853042	0.39000000
850470	0.09800000
850961	2.47500000
850962	1.10400000
850963	0.91100000
850788	0.48500000
850966	0.41100000
850786	2.67600000
850782	1.26300000
854036	0.33300000
854037	0.88800000
851781	0.59500000
851786	0.16300000
851785	1.05000000
851784	0.52600000
852624	0.15100000
851566	0.89500000
851565	0.11100000
851564	1.79900000
851562	0.46500000
851560	1.09800000
852626	0.74000000
852620	1.00000000
856323	3.92000000
852623	0.17600000
852622	0.09800000
856827	0.61400000
856820	1.32800000
850464	0.73100000
852149	0.64200000
852144	0.62300000
852145	1.35000000
852146	1.12400000
852147	0.36700000
852142	0.62300000
853548	0.67800000
854415	0.69600000
853235	2.13800000
853542	1.16300000
853540	0.17600000
853547	1.14400000
853546	0.46500000
853545	0.35600000
855699	0.31000000
855691	2.19200000
856287	0.45400000
854018	0.21400000
854019	0.12400000
854011	1.11100000
854012	1.25100000
854013	0.27500000
856349	1.74000000
856342	0.18900000
856341	0.21400000
854271	0.20200000
854278	0.70500000
855053	0.04300000
855051	0.66900000
855050	0.08400000
855057	1.13800000
853849	0.36700000
853846	0.26300000
853845	1.09800000
853842	1.15700000
853843	0.41100000
851996	0.95600000
851994	1.27500000
851995	1.02900000
851991	0.48500000
851194	0.65100000
851193	0.31000000
851190	0.51600000
856500	0.56600000
856501	0.33300000
856502	0.57500000
856504	0.72200000
856505	1.75700000
856506	1.41100000
856507	0.15100000
856508	0.34500000
856509	0.77400000
852557	0.63200000
852555	0.45400000
852553	0.72200000
852550	1.05700000
852559	1.19500000
852089	0.13800000
852088	0.17600000
856645	0.17600000
856643	0.68700000
856642	1.75300000
852081	0.43300000
852083	0.02900000
852084	0.22700000
852087	0.76600000
852086	1.71400000
854869	0.09800000
854866	0.01400000
852881	0.75700000
852332	0.39000000
852331	0.81600000
852889	0.29900000
852888	0.37900000
853684	1.07700000
853687	1.70500000
853680	0.04300000
853683	0.08400000
855732	3.31800000
855738	0.13800000
855739	0.97100000
853060	0.95600000
853061	0.88000000
853065	1.66400000
851606	2.54100000
854482	0.05700000
854485	0.43300000
850908	2.03200000
850902	0.94900000
850903	0.25100000
850900	1.09100000
850901	1.28100000
850906	0.73100000
850904	0.39000000
850905	0.12400000
855078	0.13800000
851763	0.88000000
851762	1.08400000
852019	0.02900000
850553	1.31600000
851500	0.20200000
851502	2.06400000
851504	0.28700000
851506	0.79100000
854111	0.05700000
854113	0.77400000
852231	0.71400000
852234	0.18900000
855507	0.79900000
855506	0.21400000
855501	1.63200000
852090	0.04300000
852096	0.12400000
852097	0.31000000
853217	2.18900000
854072	2.02500000
852095	1.01400000
856364	0.05700000
856365	3.27200000
856361	0.23900000
856368	0.58500000
854299	0.77400000
854297	0.47500000
854295	1.44900000
854292	0.94900000
850595	0.13800000
850593	0.64200000
853868	0.35600000
853869	0.47500000
853860	1.45900000
853862	1.22000000
853867	1.26300000
851202	0.67800000
851203	1.01400000
851248	0.90300000
856562	0.04300000
851243	0.36700000
851244	0.49600000
852531	0.08400000
852530	0.31000000
852537	0.26300000
852538	0.07000000
856623	0.17600000
856625	0.16300000
856628	0.46500000
854843	0.02900000
854842	1.09100000
854840	0.25100000
854847	4.42100000
854846	4.71600000
854845	3.65600000
854849	5.13400000
854848	2.77000000
856198	0.28700000
856193	2.57300000
856197	0.34500000
856196	1.77000000
853668	0.02900000
853669	2.06000000
853667	0.52600000
853662	4.27800000
853660	1.03600000
853661	2.00000000
855710	0.27500000
855712	1.68700000
855717	2.39200000
853008	0.75700000
853009	1.42200000
853002	0.15100000
853007	0.95600000
851747	1.07000000
851746	0.11100000
851745	0.40100000
851742	0.66900000
851741	0.72200000
850924	0.23900000
850293	0.07000000
850290	0.74800000
850291	0.29900000
850922	2.02900000
850923	0.33300000
850860	1.29900000
850647	0.60400000
850646	0.17600000
855154	0.86400000
850432	0.73100000
850433	0.56100000
850439	0.23900000
853554	0.13800000
853550	0.70500000
853551	0.40100000
855525	0.26300000
855521	1.89500000
850841	4.00600000
855529	0.77400000
852276	0.02900000
852278	0.46500000
852279	1.15100000
851332	0.08400000
853271	0.56600000
853273	0.29900000
853272	0.75700000
853275	1.40600000
853277	0.49600000
853276	0.02900000
853279	3.26600000
854058	0.45400000
854725	2.63700000
854721	1.18300000
856389	0.16300000
856387	0.04300000
856384	0.56600000
853495	0.59500000
853494	1.63200000
853497	0.29900000
853491	1.35000000
853490	0.81600000
850609	0.64200000
855898	0.69600000
850605	1.15100000
850606	1.30500000
850600	0.45400000
850602	0.53600000
855097	0.95600000
855096	0.07000000
855094	0.04300000
853803	2.50300000
853800	1.96000000
853801	0.22700000
853806	3.31200000
853804	0.27500000
851265	0.16300000
856546	1.09100000
851262	0.68700000
851268	0.61400000
851269	1.23900000
854922	0.82400000
852519	0.77400000
852048	0.79900000
852511	0.59500000
852046	1.22700000
852517	0.28700000
852516	0.97800000
852515	0.22700000
852042	0.97100000
856602	0.34500000
856606	0.01400000
853649	0.22700000
853398	0.45400000
853399	1.51100000
853392	0.05700000
853393	1.03600000
853390	0.52600000
853391	0.94100000
853644	1.15100000
853646	0.31000000
853647	4.55900000
855778	0.51600000
855779	0.62300000
855772	1.25100000
855773	1.33900000
855771	0.88800000
853025	0.25100000
853026	0.42200000
853028	0.35600000
850465	0.64200000
854797	0.53600000
854795	1.06400000
854790	0.15100000
851892	0.62300000
851890	1.48500000
851726	1.45900000
851729	0.29900000
851899	0.95600000
851099	0.49600000
851098	1.49100000
851092	0.17600000
851091	1.80700000
855170	0.46500000
855171	0.21400000
850412	0.31000000
850413	0.53600000
855175	0.05700000
851201	0.65100000
856581	1.86000000
850964	0.77400000
855541	0.45400000
855545	0.59500000
855544	0.20200000
852250	0.95600000
852252	0.29900000
856018	1.95600000
856016	0.47500000
856017	3.22000000
856014	0.40100000
856013	3.98500000
856010	0.50600000
853259	1.29900000
853252	0.22700000
853255	0.29900000
854709	1.29300000
854700	0.05700000
850626	0.07000000
850620	0.60400000
851334	0.46500000
851335	0.47500000
853829	1.02100000
853824	0.02900000
853825	0.02900000
853826	0.71400000
853827	0.47500000
853821	0.17600000
851330	0.31000000
851338	0.12400000
856830	0.81600000
856831	0.46500000
856835	0.86400000
851286	0.12400000
851285	0.49600000
851282	0.21400000
854886	0.65100000
854883	0.61400000
854882	0.62300000
854889	0.77400000
856837	0.40100000
852066	0.23900000
852064	0.80700000
852062	0.64200000
855287	0.81600000
853623	0.89500000
853620	2.31900000
853621	0.76600000
853624	0.63200000
853628	0.95600000
853629	0.81600000
855754	1.08400000
855756	1.23900000
855757	0.36700000
855750	0.07000000
855753	0.02900000
852393	0.34500000
852392	0.28700000
852399	0.45400000
852398	0.37900000
850567	0.02900000
850562	1.03600000
855043	0.89500000
854390	1.64600000
854396	1.25700000
852935	1.32200000
852937	0.95600000
852933	0.51600000
852939	0.84000000
855049	0.22700000
856223	1.11100000
851709	1.43800000
851708	0.87200000
851878	2.74800000
851703	1.35600000
851700	0.18900000
851707	0.82400000
851706	0.27500000
851873	0.52600000
851704	0.42200000
854571	1.13800000
854439	0.45400000
854432	0.26300000
854431	0.39000000
854124	1.29300000
853357	1.59900000
854435	0.66900000
852018	0.31000000
853607	1.37900000
856027	0.97800000
850479	0.12400000
855113	3.59100000
855110	0.90300000
855116	0.23900000
855117	0.65100000
855114	0.40100000
855115	1.98200000
855569	0.02900000
855562	0.82400000
855567	0.62300000
855566	0.23900000
852728	0.45400000
852720	0.55600000
852721	0.39000000
852723	0.36700000
852724	1.58500000
852726	0.62300000
852235	0.12400000
856032	0.91800000
856034	0.81600000
856035	1.69200000
854762	0.51600000
854763	0.45400000
854761	1.98200000
854766	0.88000000
854765	0.74800000
854768	0.04300000
850641	1.51100000
850643	0.05700000
850863	0.17600000
850868	1.17600000
854187	0.88000000
854185	1.04300000
854183	0.46500000
851115	0.05700000
851110	0.04300000
851111	0.27500000
851217	1.03600000
856589	0.88000000
856858	0.45400000
856580	0.08400000
856582	0.49600000
856583	1.66000000
856584	0.33300000
856855	1.09100000
856814	0.05700000
851218	0.84000000
853525	1.23300000
852001	0.13800000
852000	1.21400000
852003	0.60400000
852009	0.62300000
853359	0.18900000
853604	0.65100000
853602	0.27500000
852099	0.90300000
854377	0.57500000
854376	0.09800000
854371	0.79900000
854373	0.50600000
854372	0.47500000
852091	0.80700000
852916	0.37900000
852915	1.34500000
852910	0.45400000
852094	0.34500000
854511	0.33300000
850983	0.21400000
850980	0.27500000
850988	0.79900000
855828	0.21400000
851466	0.31000000
851857	0.48500000
851855	0.64200000
851396	0.77400000
850675	0.34500000
850676	0.67800000
851858	1.32200000
855825	1.87200000
855137	1.20800000
850450	0.55600000
855132	0.54600000
855138	0.42200000
850459	0.26300000
850329	0.27500000
851582	0.47500000
851585	1.28100000
852324	0.15100000
852325	0.66900000
852327	0.13800000
852323	1.13800000
851325	1.55600000
851324	0.52600000
851327	2.12800000
851321	0.66900000
851320	0.11100000
851329	2.35300000
852215	1.70500000
852741	0.63200000
852746	0.12400000
852748	1.06400000
852218	0.26300000
852219	0.33300000
856052	0.44400000
856054	0.88000000
856055	0.36700000
853167	0.25100000
853169	0.66900000
853168	0.97100000
854748	1.45900000
854740	1.62800000
850668	0.88800000
850662	0.27500000
850845	2.59200000
851139	0.12400000
851132	0.93400000
851136	0.13800000
856876	0.63200000
856873	0.22700000
856879	0.47500000
855240	0.49600000
850325	0.77400000
850322	0.79900000
853379	1.37300000
853373	1.18900000
853374	1.03600000
853377	1.79500000
855798	0.08400000
850458	0.11100000
855793	2.34800000
855795	1.57500000
855796	0.92600000
851102	0.44400000
852689	0.41100000
852688	0.46500000
852684	0.74800000
854357	1.44400000
854352	0.25100000
854351	0.22700000
854359	0.71400000
854689	1.39500000
854682	0.89500000
852971	1.28700000
852973	0.36700000
852975	0.48500000
853082	0.13800000
853085	1.84400000
856261	0.67800000
856260	0.92600000
853089	0.09800000
854530	0.93400000
854539	0.33300000
851831	0.62300000
851830	0.89500000
851833	1.12400000
851834	0.12400000
851839	0.42200000
851838	0.22700000
850301	0.74000000
850302	0.15100000
850305	1.20200000
850308	0.55600000
850309	0.73100000
853968	1.79900000
853966	2.32500000
853963	0.25100000
850792	0.64200000
850974	0.93400000
850973	0.13800000
850972	3.38700000
851309	1.14400000
856468	1.60400000
856464	1.30500000
856460	1.33900000
852764	0.97100000
852761	3.65900000
852762	0.31000000
852763	0.40100000
856078	0.67800000
856076	0.05700000
855122	0.86400000
855472	0.18900000
855478	0.23900000
853418	0.04300000
853149	0.41100000
853147	0.87200000
853146	1.47000000
853416	0.36700000
853142	0.18900000
850823	1.58500000
850822	0.32200000
850824	2.34800000
856444	0.26300000
855125	0.55600000
856440	0.12400000
856443	0.01400000
855813	0.43300000
855812	0.11100000
851151	1.07000000
851156	0.42200000
856448	1.49600000
856896	0.87200000
856897	0.64200000
855264	1.32800000
855265	0.87200000
855266	1.49600000
850573	0.37900000
856799	0.34500000
853310	1.86400000
853311	0.23900000
856791	0.54600000
856792	1.40100000
856797	0.20200000
854334	1.34500000
854336	0.46500000
852953	0.83200000
852956	0.41100000
852408	0.79100000
856243	0.09800000
856241	0.89500000
856246	0.74800000
853733	0.32200000
852743	1.15100000
852740	0.75700000
856422	0.29900000
852747	0.77400000
852744	1.17000000
853345	0.87200000
851818	0.23900000
851812	0.59500000
851817	1.50100000
851815	0.15100000
853346	1.74400000
853617	5.87200000
853616	0.29900000
850498	0.91800000
853944	0.23900000
853942	0.50600000
853941	0.84000000
853940	0.84800000
850490	0.72200000
850491	1.88400000
850492	0.79100000
850361	4.43200000
850494	0.35600000
850495	0.08400000
850496	0.95600000
850497	0.74800000
856425	1.93400000
856424	2.84600000
856409	1.58000000
856403	0.22700000
856402	0.94900000
851367	0.60400000
856545	0.42200000
856540	0.69600000
855457	0.25100000
855456	0.90300000
855454	0.58500000
853434	0.01450000
853433	1.12450000
853432	0.17600000
853439	0.45400000
853129	0.79100000
853121	1.50100000
853120	0.28700000
853122	0.91100000
853127	1.10400000
854479	0.49600000
850803	0.49600000
855877	0.16300000
850809	0.16300000
850808	0.34500000
851174	0.56600000
851220	0.46500000
851223	1.24500000
851225	0.52600000
850775	0.07000000
850774	0.47500000
850771	1.70900000
850779	0.87200000
850778	3.30600000
850708	0.79900000
855202	0.08400000
855203	0.40100000
855206	1.01400000
855204	0.34500000
855205	0.48500000
854690	1.77000000
854344	0.11100000
854694	0.37900000
854347	1.10400000
856646	0.21400000
854915	0.50600000
854912	0.07000000
853334	1.02900000
853337	1.15700000
854319	0.34500000
854641	1.64600000
854640	0.80700000
854642	0.69600000
852429	0.74800000
852428	0.33300000
852425	0.43300000
852424	0.12400000
852422	0.71400000
852421	0.71400000
856649	0.69600000
853594	2.75500000
853595	0.74800000
853597	2.12100000
853599	0.69600000
855998	0.48500000
855993	2.13100000
855997	0.96300000
855994	0.66900000
855995	1.42200000
850347	0.09800000
850340	1.28700000
850343	0.32200000
850348	0.26300000
850349	2.08400000
853920	0.44400000
853923	0.66900000
853925	0.07000000
853926	0.01400000
850840	0.95600000
852880	0.43300000
852883	0.79100000
852885	0.90300000
851691	0.54600000
851692	1.03600000
851695	0.79900000
851694	0.78200000
853201	0.65100000
851342	0.13800000
851437	0.41100000
851347	2.24800000
856429	0.41100000
851438	2.42500000
850806	0.65100000
855436	1.33900000
853102	0.82400000
853453	0.04300000
853100	0.47500000
853106	0.21400000
852856	1.56100000
852857	0.82400000
852851	0.89500000
852858	0.98600000
856163	0.23900000
856168	0.65100000
856169	0.23900000
854452	0.20200000
854453	0.63200000
854454	1.13800000
854108	0.11100000
854106	0.12400000
854459	0.47500000
854102	0.13800000
855858	0.37900000
855857	0.12400000
855854	0.07000000
850367	1.11100000
850759	1.22700000
850758	1.57500000
850756	0.16300000
850755	0.68700000
850364	0.97100000
855229	0.98600000
855224	0.07000000
855226	0.42200000
855227	4.35100000
855221	0.47500000
855222	1.98200000
850443	0.12400000
850334	0.21400000
850441	0.07000000
850447	0.34500000
850333	2.78200000
852628	0.56600000
852198	1.36200000
856759	0.70500000
856754	0.45400000
856757	0.94100000
856756	1.25700000
856751	0.20200000
856753	0.66000000
856752	0.92600000
854935	0.60400000
854934	1.00700000
854933	0.91100000
854932	1.09100000
854930	1.57000000
852448	0.15100000
856280	1.51600000
852443	0.84800000
852442	1.88400000
852445	0.43300000
852444	0.80700000
852447	0.40100000
852446	1.07700000
854666	0.15100000
854662	0.29900000
854668	0.65100000
853716	1.32800000
853712	1.00000000
853909	0.26300000
853901	0.20200000
853900	0.40100000
853904	5.83700000
851418	0.86400000
851417	0.51600000
851416	0.58500000
851414	0.54600000
851413	1.00700000
851412	0.01400000
851411	0.63200000
851410	0.42200000
850327	2.78500000
851639	0.88800000
850324	1.48000000
855410	0.82400000
855416	0.18900000
852299	0.20200000
852295	0.36700000
852291	2.27200000
852292	0.71400000
853479	0.26300000
853478	0.88800000
853472	0.11100000
853477	0.75700000
853475	1.08400000
852871	0.25100000
852872	0.43300000
852873	0.91800000
852874	0.37900000
852879	1.56100000
856140	0.05700000
856141	0.40100000
856144	0.26300000
856147	2.43000000
856148	0.50600000
851310	0.95600000
854128	0.42200000
854129	0.29900000
854433	0.18900000
854125	0.79100000
854126	0.62300000
854127	0.53600000
851317	3.40700000
850739	0.72200000
850738	1.20800000
850731	0.25100000
850732	0.09800000
850736	0.56600000
851066	0.29900000
851065	0.98600000
851060	1.48500000
851068	1.03600000
854638	3.09900000
852606	0.02900000
852609	0.59500000
856777	0.62300000
856776	1.54600000
856772	0.88800000
856770	0.71400000
856778	1.02900000
855619	1.20200000
854950	0.58500000
854952	0.28700000
854957	0.88000000
854956	0.45400000
852463	0.46500000
852462	0.33300000
852460	0.18900000
852466	0.41100000
852465	0.78200000
852464	0.27500000
852468	0.79100000
851568	1.00000000
854413	0.02900000
852028	0.27500000
855607	0.41100000
855605	0.09800000
852202	0.32200000
855955	0.13800000
855953	0.69600000
853730	0.40100000
853732	0.21400000
852200	2.06400000
853739	0.95600000
850388	1.07700000
850381	0.44400000
850383	0.60400000
850651	1.39500000
855141	1.55600000
851659	0.20200000
851658	2.51100000
851655	0.52600000
851654	0.29900000
851657	0.67800000
851651	1.16300000
851650	0.88000000
851385	3.62800000
851384	1.52100000
851383	0.89500000
851381	0.77400000
851389	0.91100000
851479	0.71400000
851471	0.20200000
851472	0.59500000
851475	0.05700000
851474	2.70700000
855387	0.74800000
855385	1.55100000
855388	0.45400000
852818	3.43200000
852813	0.17600000
852811	0.91800000
852816	0.57500000
852814	0.51600000
852815	0.21400000
856129	0.08400000
856123	0.11100000
856121	1.29900000
854143	0.63200000
854141	0.99300000
854412	0.48500000
854149	0.74000000
854419	0.76600000
850713	0.09800000
850712	0.97800000
850710	1.11100000
856517	0.04300000
856516	1.66400000
856514	0.96300000
856512	2.42000000
856510	1.20800000
851041	0.74000000
853407	0.62300000
852660	0.26300000
852665	0.89500000
852664	2.53900000
856713	2.78700000
856716	0.23900000
856718	0.82400000
854974	0.07200000
854979	0.56600000
854978	1.00000000
851445	0.95600000
852486	0.09800000
852483	0.60400000
856496	1.05000000
856497	1.04300000
851910	1.61400000
856268	1.66400000
855596	0.23900000
855594	1.01400000
856498	0.01400000
853281	1.03600000
853282	0.25100000
853283	0.05700000
853285	0.83200000
853532	0.11100000
856263	0.09800000
853531	0.07000000
856262	1.15700000
855622	1.38400000
855979	0.18900000
855971	0.34500000
855976	0.12400000
853758	3.48400000
853750	0.07000000
853751	0.35600000
853757	0.25100000
855804	0.69600000
850837	1.39500000
850835	0.23900000
854089	0.28700000
854087	0.26300000
854085	0.29900000
854084	1.10400000
854083	2.00700000
851677	0.32200000
851676	1.40100000
851672	0.36700000
851671	0.11100000
851424	0.36700000
856480	0.48500000
856483	0.35600000
856482	0.39000000
856486	0.76600000
851459	0.65100000
851458	0.80700000
851908	1.00700000
851423	0.05700000
850506	0.74000000
850507	0.68700000
850504	0.23900000
855022	0.47500000
850503	2.53400000
855020	0.87200000
855368	0.93400000
855364	0.17600000
855366	0.04300000
855363	2.85600000
855362	0.53600000
852834	0.88000000
852835	1.20200000
852344	0.04300000
852837	0.00050000
852830	1.24500000
852343	0.22700000
852341	1.25100000
852349	0.23900000
856105	0.91100000
856106	0.01400000
856100	0.02900000
856103	0.65100000
856108	4.84600000
854160	0.74000000
854163	0.45400000
850888	1.26900000
850886	0.49600000
850885	0.51600000
851024	0.68700000
851025	2.00700000
852649	0.11100000
852643	0.79900000
852641	0.88800000
852640	0.54600000
852133	0.31000000
852644	1.77800000
856739	0.16300000
856738	1.13800000
856733	1.51100000
856731	0.84800000
856737	0.55600000
856736	0.12400000
856734	0.81600000
854998	0.39000000
854995	0.69600000
854997	0.35600000
853510	0.77400000
853512	0.45400000
853513	0.18900000
855643	0.23900000
855645	0.22700000
853775	0.81600000
853777	0.66000000
853771	0.33300000
853773	0.31000000
853778	0.88000000
855913	0.78200000
855910	1.61400000
855916	1.20200000
855914	0.20200000
856931	1.26900000
851610	1.12400000
851616	0.09800000
856939	0.26300000
854205	1.33900000
854206	0.57500000
854201	1.34500000
854200	1.41700000
851928	1.23300000
851921	1.89900000
850692	0.49600000
850690	0.71400000
850691	0.44400000
850523	1.21400000
850524	0.15100000
855005	0.08400000
850527	1.24500000
850529	0.12400000
855346	1.46500000
855345	1.02900000
855344	0.46500000
855341	0.40100000
855349	0.12400000
855348	0.66900000
850570	0.65100000
852585	1.40600000
852586	0.01400000
852587	0.01400000
852580	0.46500000
852583	1.32800000
856694	1.51600000
856696	0.47500000
854834	2.02900000
854833	0.18900000
854831	0.94900000
852362	0.23900000
852363	1.04300000
852364	0.91800000
852365	0.54600000
852368	0.39000000
853183	0.65100000
853185	1.06400000
851307	0.61400000
851303	0.74000000
853286	1.37900000
853536	3.40600000
851005	0.36700000
851006	1.62300000
851007	0.84800000
851551	0.08400000
851008	0.09800000
854402	0.72200000
854407	0.44400000
854154	0.51600000
854405	0.40100000
852117	4.38500000
852115	0.51600000
852114	0.49600000
852113	1.50600000
852112	0.07000000
852110	1.07700000
853573	2.28100000
853571	0.18900000
853574	0.13800000
853575	1.13100000
853578	0.88800000
853579	0.52600000
855665	0.62300000
855667	2.37600000
855668	1.44900000
855669	2.62300000
853798	0.55600000
853794	0.63200000
853792	0.02900000
853342	1.81600000
855938	0.32200000
855935	0.39000000
855937	1.28100000
855930	0.95600000
855931	1.18900000
855932	0.58500000
855933	0.87200000
856919	0.42200000
856910	0.21400000
851634	0.23900000
854225	1.61800000
851948	0.93400000
851943	0.74800000
851946	0.15100000
855062	0.96300000
855063	1.31600000
855061	0.08400000
855066	0.15100000
855067	0.25100000
850544	0.78200000
851494	0.02900000
851493	3.38400000
851492	0.88000000
851491	1.23900000
853891	0.05700000
853890	0.90300000
855321	1.67800000
855325	0.05700000
855324	0.12400000
855866	1.46500000
855498	1.36200000
855491	0.65100000
855497	0.61400000
855496	0.21400000
852566	0.43300000
852564	0.12400000
852562	0.21400000
852563	0.37900000
852561	0.69600000
856674	0.01400000
856672	0.32200000
856673	0.44400000
856670	1.94900000
854810	1.20800000
854812	1.20800000
854813	0.05700000
854815	0.04300000
854817	0.41100000
854819	0.92600000
852308	0.26300000
852302	0.53600000
852306	0.22700000
853300	0.84000000
855471	0.59500000
850955	0.97100000
850956	0.69600000
850950	0.59500000
850953	1.23900000
856568	0.96300000
856781	0.69600000
856785	0.26300000
856561	0.02900000
856566	0.84800000
856567	1.05700000
856564	3.18300000
856565	0.66900000
851570	0.67800000
851572	1.16300000
851574	0.01400000
851577	0.31000000
851579	0.33300000
852414	0.11100000
853417	0.02900000
851350	0.31000000
851904	0.75700000
851450	2.08100000
851352	1.40600000
851457	0.79100000
851902	0.40100000
852171	0.80700000
852177	0.22700000
853226	0.11100000
853227	0.40100000
855688	1.85600000
855686	0.04300000
855687	0.60400000
855682	0.45400000
855683	0.43300000
855680	0.08400000
855681	0.20200000
852795	0.70500000
852797	0.54600000
852796	0.48500000
852790	0.79100000
852793	0.78200000
852798	1.01400000
856081	0.97800000
854027	0.89500000
854022	0.53600000
854241	0.15100000
854246	0.02900000
850556	1.17000000
855044	0.51600000
855047	1.23300000
855041	0.74800000
855042	0.61400000
850563	1.07700000
850568	0.94100000
851960	1.00000000
855309	1.09800000
855306	0.18900000
855305	0.40100000
855304	0.22700000
856537	0.11100000
856533	0.97800000
856532	0.13800000
856539	2.80900000
852548	0.51600000
852098	0.43300000
850505	0.95600000
850502	0.46500000
852546	1.48000000
856658	0.74000000
856659	0.93400000
850500	2.07400000
856650	0.68700000
856652	1.00700000
850501	1.38000000
856654	0.48500000
854878	0.63200000
854872	1.74400000
854871	1.51100000
854876	0.48500000
854874	0.23900000
854875	0.68700000
852892	0.59500000
852893	0.99300000
852890	0.37900000
852891	2.19200000
852896	0.17600000
852895	1.07000000
852899	1.04300000
852328	0.01400000
855827	1.03600000
853057	1.86800000
853050	0.09800000
853052	2.08400000
853059	0.12400000
853058	0.91800000
854495	0.47500000
850799	1.57500000
850979	2.66000000
850790	0.41100000
850794	0.02900000
851778	0.83200000
851777	1.50100000
851775	1.07000000
851772	0.05700000
851512	1.06400000
851511	1.96700000
851516	0.44400000
851517	1.20800000
851514	1.33300000
855517	0.57500000
855513	0.22700000
852127	1.43800000
852152	0.15100000
852150	0.28700000
852125	2.05700000
853200	0.23900000
852122	0.60400000
853203	1.33300000
853204	0.12400000
853205	0.54600000
852651	0.13800000
854006	0.49600000
854002	1.35600000
854001	1.26300000
854009	0.44400000
856358	0.45400000
856351	0.25100000
856357	1.56600000
854267	0.75700000
854266	0.51600000
854264	0.87200000
850588	1.14400000
850587	0.65100000
850584	0.15100000
850580	1.16350000
850581	1.11100000
853858	0.54600000
853857	0.36700000
853856	1.06400000
853853	1.30500000
853852	0.17600000
851984	0.45400000
851987	0.91800000
850530	0.77400000
851981	0.21400000
851983	0.87200000
851982	0.17600000
851185	0.17600000
851184	0.12400000
851181	0.67800000
851239	2.64200000
851237	0.99300000
851234	0.01400000
856511	0.60400000
852523	1.24500000
852525	0.29900000
852528	0.55600000
856637	1.39000000
856634	0.05700000
856638	3.03600000
854854	0.74000000
854855	0.91800000
854856	1.43800000
854857	3.48200000
854850	3.93500000
854851	0.94100000
854852	1.29300000
854853	0.69600000
851372	0.73100000
856188	0.21400000
856186	0.28700000
856187	0.74800000
856180	1.34500000
851373	0.64200000
851378	0.73100000
853693	1.54100000
853697	0.34500000
853696	2.40100000
853695	0.80700000
853699	2.01100000
853698	1.19500000
855724	0.23900000
855727	1.29900000
855726	0.55600000
855723	1.44400000
855722	0.91100000
855729	0.16300000
855886	1.36200000
855887	1.56600000
851377	0.88800000
855888	0.44400000
853079	0.17600000
853078	0.11100000
853077	0.66900000
851375	0.94100000
850915	0.32200000
850914	0.69600000
850917	0.54600000
852346	1.83200000
852342	1.17600000
851758	0.93400000
851759	1.52100000
851751	0.11100000
851754	0.64200000
851755	0.82400000
853520	0.11100000
853522	0.20200000
850297	0.74800000
851535	1.67800000
851536	1.32800000
851537	0.41100000
851532	1.43300000
851533	1.24500000
850295	4.99900000
851539	0.13800000
855088	0.36700000
855535	0.35600000
855536	0.63200000
855087	0.16300000
850517	0.46500000
853455	0.23900000
853454	1.91800000
853261	0.01400000
853266	0.39000000
853267	4.12100000
853268	0.12400000
854064	0.64200000
854066	0.73100000
856372	0.17600000
856377	0.08400000
856376	0.89500000
854284	0.01400000
854287	1.76600000
854281	0.11100000
854280	0.12400000
854282	0.96300000
853486	0.93400000
853484	0.78200000
853485	1.09100000
853482	0.51600000
853483	1.27500000
855882	0.11100000
855883	0.67800000
855885	0.08400000
850616	1.56600000
850614	1.91500000
850612	0.50600000
850613	0.76600000
850610	1.25700000
850611	0.81600000
853877	0.13800000
853876	1.23900000
853875	1.09800000
853872	1.63700000
855082	0.93400000
855084	1.61800000
855085	0.43300000
855086	0.54600000
850434	0.85600000
856579	0.44400000
851254	2.20500000
856577	0.05700000
856576	1.49600000
852057	0.39000000
852507	0.13800000
852502	1.30500000
852503	0.94100000
856616	3.96200000
851315	0.79100000
853679	0.91100000
853675	0.77400000
853677	1.32200000
853671	0.13800000
853670	1.15700000
853673	1.79100000
855706	0.08400000
855705	0.57500000
855704	0.04300000
855700	0.75700000
853019	1.69600000
853010	0.12400000
851605	1.37300000
856793	0.45400000
853319	0.21400000
851250	0.31000000
851884	0.68700000
851731	0.02900000
851880	1.57500000
851881	1.59500000
851888	0.56600000
851889	0.40100000
854544	0.63200000
854545	1.22700000
851256	0.04300000
854549	0.52600000
850933	0.73100000
850930	0.63200000
850287	0.33300000
850289	0.51600000
851088	0.33300000
851084	0.25100000
851085	1.66400000
851086	0.05700000
851083	0.37900000
852407	0.92600000
852401	0.35600000
850424	0.01400000
850427	0.20200000
853135	0.87200000
852054	0.18900000
855553	1.62800000
853243	0.13800000
854739	1.15700000
854735	0.87200000
854734	1.25700000
854736	0.52600000
854733	1.11800000
856397	1.41100000
856391	0.47500000
856390	0.69600000
856393	0.62300000
850639	0.12400000
850631	0.08400000
850632	0.55600000
850633	0.29900000
850635	0.92600000
850637	0.34500000
853814	0.25100000
853817	0.42200000
853819	0.23900000
853818	1.49600000
856804	0.07000000
856800	0.34500000
856802	0.90300000
856558	0.15100000
852079	0.97100000
850514	1.02100000
852071	0.69600000
852074	0.13800000
850516	1.41700000
850511	0.09800000
850510	1.42800000
854899	0.99300000
854896	0.18900000
854897	1.09100000
853656	0.27500000
853653	0.31000000
853650	0.69600000
853658	0.66000000
853389	1.63200000
853382	0.94100000
853384	0.08400000
851333	0.50600000
855769	0.08400000
855768	0.49600000
852386	0.13800000
855761	0.05700000
855760	0.36700000
855765	0.53600000
855766	0.74800000
853033	0.74800000
853031	1.13800000
853036	0.53600000
853034	0.08400000
850811	0.32200000
854383	1.63700000
854388	0.26300000
852925	0.54600000
852923	1.14400000
852920	0.37900000
856236	0.18900000
856232	0.81600000
856231	0.31000000
856239	0.72200000
851718	0.52600000
851719	0.39000000
851865	1.32800000
851862	0.07000000
851860	0.56600000
854564	0.78200000
850369	0.93400000
850360	0.58500000
850407	0.08400000
850405	0.72200000
853949	0.01400000
854057	0.44400000
854050	0.29900000
852886	0.11100000
855578	0.40100000
852131	0.73100000
852130	0.70500000
852243	0.40100000
852242	1.12400000
852240	0.45400000
856005	0.17600000
856001	0.92600000
856000	0.88800000
856490	0.28700000
854710	0.08400000
854719	0.66900000
850874	1.05700000
850875	0.23900000
850654	1.34500000
850658	0.27500000
850878	0.84800000
850805	0.47500000
853832	1.05000000
853830	0.72200000
850476	0.09800000
850865	1.14400000
851299	0.07000000
856829	1.23300000
856828	0.33300000
856825	3.57000000
856824	1.02900000
856822	0.43300000
851292	0.07000000
851886	0.71400000
851887	0.88000000
851736	0.01400000
855299	0.46500000
852014	0.29900000
855293	0.95600000
855294	0.63200000
853631	0.83200000
853630	0.13800000
853634	0.07000000
853636	0.72200000
853639	2.54100000
853638	1.00000000
855743	0.21400000
855742	0.64200000
855741	1.60400000
855747	0.01400000
855744	1.16300000
851361	1.73600000
851360	0.33300000
851363	0.42200000
851365	0.74000000
855897	0.22700000
851900	0.76600000
855895	1.37900000
854362	0.41100000
854361	1.05700000
852902	3.33300000
852904	0.91800000
852905	0.73100000
852354	0.35600000
852908	0.05700000
856213	1.25700000
856214	1.27500000
856216	0.31000000
856218	0.33300000
851848	0.50600000
851841	0.86400000
851844	0.41100000
851845	1.86000000
851846	1.81100000
851847	0.59500000
854508	0.21400000
854509	0.94900000
854503	0.13800000
854500	0.13800000
854507	0.23900000
854505	0.36700000
851216	0.64200000
853994	0.88800000
853991	0.57500000
855101	0.84800000
850462	0.20200000
853999	0.75700000
855107	1.89900000
851596	1.20200000
851597	1.28100000
851595	0.76600000
856456	0.07000000
856457	0.33300000
856454	0.74000000
856455	0.46500000
856452	0.08400000
856450	0.49600000
856451	0.53600000
856458	0.45400000
852737	1.10400000
852735	0.90300000
852734	2.41700000
852221	0.39000000
852222	0.85600000
852224	0.22700000
856028	0.47500000
853177	0.32200000
853174	0.31000000
853170	0.26300000
853179	0.58500000
854770	0.79900000
854772	0.11100000
854775	0.97800000
854777	1.45400000
854776	0.11100000
854778	0.85600000
855829	0.65100000
855824	0.98600000
850677	0.23900000
850670	0.84800000
854196	0.27500000
854190	0.53600000
851109	0.16300000
851108	1.49600000
851106	0.61400000
851101	0.36700000
851103	1.02900000
855140	0.63200000
855142	0.32200000
856597	0.92600000
856596	0.21400000
856595	0.71400000
856591	0.32200000
855149	3.35500000
856599	0.72200000
856598	0.44400000
856841	0.78200000
856845	0.12950000
852038	0.48500000
852035	1.64200000
852031	0.91800000
852033	0.78200000
853619	2.18900000
853618	0.70500000
853349	0.84000000
853348	0.02900000
853613	4.29500000
853344	0.09800000
853341	1.45400000
853340	0.99300000
853614	1.84000000
856817	0.79900000
851266	0.66000000
851267	0.08400000
856812	2.73600000
856813	1.41100000
851611	1.93400000
856810	0.48500000
856811	0.71400000
856933	0.49600000
856934	0.55600000
852692	0.26300000
852694	0.64200000
853304	2.06000000
854698	0.21400000
854693	1.27500000
854342	0.32200000
854346	0.50600000
854695	2.78000000
852968	0.29900000
852967	0.74800000
856278	1.22000000
856271	0.99300000
854529	2.78700000
850992	1.12400000
850995	0.80700000
850997	1.50100000
850999	0.71400000
854654	0.17600000
854652	0.22700000
851822	0.68700000
851823	1.21400000
851821	0.05700000
851824	0.21400000
851829	3.72400000
855123	0.79900000
850442	0.53300000
855120	1.05000000
850444	0.97100000
850339	1.11100000
853973	1.31600000
852044	0.79100000
852041	0.82400000
851311	1.79500000
856472	0.20200000
856473	0.91100000
856474	1.56100000
856475	1.13800000
852751	0.13800000
852753	1.26300000
852752	0.35600000
852755	0.13800000
852756	2.29300000
856045	1.09100000
856048	1.08400000
855467	0.16300000
855461	0.54600000
855468	1.32800000
855469	1.15100000
853150	0.59500000
853151	0.29900000
853152	1.03600000
853154	1.13100000
853158	1.70500000
853159	1.79100000
853401	1.54100000
854753	0.42200000
854750	0.61400000
855808	0.09800000
850839	0.26300000
855802	1.05700000
855803	1.13100000
850836	0.23900000
855805	1.35000000
855806	1.75700000
851124	1.91100000
856861	4.10900000
856860	0.55600000
856865	0.52600000
855003	0.35600000
855009	1.27500000
855250	0.42200000
855785	0.39000000
855783	0.45400000
855781	0.87200000
855780	0.28700000
855788	0.66000000
853640	1.26300000
853641	2.16700000
853642	0.41100000
855871	1.47000000
855872	0.02900000
853363	1.57500000
853361	0.53600000
856782	1.84800000
856783	0.50600000
853395	0.53600000
856786	1.26300000
856787	0.98600000
854321	0.95600000
854326	1.22000000
854328	0.08400000
854329	0.45400000
852944	0.96300000
852417	1.68700000
852949	0.35600000
852419	0.89500000
856253	1.86800000
853091	0.04300000
853090	0.59500000
853093	0.64200000
853095	0.88800000
851807	0.80700000
851800	0.55600000
850319	0.97800000
850317	2.03900000
850313	0.18900000
853959	0.97100000
853951	2.47500000
853955	1.21400000
854043	1.97100000
856419	0.52600000
856411	3.18300000
851376	1.03600000
856417	0.96300000
856552	0.84000000
856551	0.66900000
852778	0.65100000
852773	0.02900000
852772	0.27500000
852770	0.81600000
852777	0.22700000
852774	0.79100000
856062	0.36700000
856067	0.02900000
855440	0.08400000
855443	0.26300000
855447	2.99300000
853429	0.82400000
853138	0.79900000
853421	0.73100000
853136	0.23900000
853137	0.23900000
851452	0.23900000
851451	1.48000000
855130	2.27200000
855131	1.32800000
855863	2.57500000
855860	0.43300000
850817	1.23900000
851455	0.94900000
855867	0.81600000
855864	3.31300000
850819	1.29300000
851140	0.77400000
851147	0.13800000
851148	0.40100000
856885	1.58000000
856884	0.70500000
856886	1.02900000
856882	2.03900000
850768	0.39000000
850769	2.42800000
851425	0.13800000
856432	1.97100000
851723	0.22700000
855276	0.07000000
855278	0.64200000
851358	0.12400000
851359	1.61400000
854904	0.99300000
853302	0.02900000
854908	6.90800000
854909	0.16300000
854305	0.79900000
854306	0.28700000
854300	0.45400000
854303	1.91800000
852433	1.09800000
852434	0.44400000
852435	0.47500000
852436	0.61400000
850487	0.16300000
850486	1.49100000
850485	0.55600000
850480	0.36700000
850489	0.29900000
850488	2.13400000
853932	0.87200000
853936	0.50600000
853935	0.66000000
850370	0.41100000
853938	0.83200000
853939	0.60400000
851682	0.71400000
851686	0.80700000
851687	0.45400000
851420	1.23300000
856438	0.23900000
856439	1.06400000
851429	0.13800000
856433	1.41100000
