855428	-1.28600000
855422	1.04300000
855420	0.35600000
855426	-0.23400000
855424	-1.47400000
855425	-1.12000000
853114	-3.47400000
853115	0.61400000
853116	-0.01400000
853117	-0.26900000
853110	0.92600000
853111	1.05000000
853112	-0.81100000
853113	0.20200000
853118	2.17600000
853119	0.53600000
850373	1.79500000
854467	0.29900000
854466	-1.25200000
854460	0.48500000
854463	3.30900000
854462	-0.39600000
854469	-3.64400000
854468	-2.39600000
855844	0.75700000
855845	-1.02900000
855847	-0.43400000
855840	1.33300000
855841	-0.69000000
855842	-0.32200000
851169	-2.25200000
851168	0.28700000
850411	0.12400000
851162	-1.78600000
851167	-0.05900000
851166	1.75300000
851164	1.32200000
855173	-5.05900000
855174	-2.47400000
850415	-0.39600000
850418	-5.05900000
850419	0.39000000
850740	-1.64400000
850741	-0.83700000
850743	-0.01400000
850744	-2.39600000
850745	-1.02900000
850747	2.47800000
850748	-1.05900000
850749	-0.86200000
852695	0.44400000
855210	0.46500000
855212	-2.05900000
855214	-0.83700000
855217	-0.83700000
855216	1.31000000
855219	0.35600000
855218	0.87200000
856306	0.82400000
856307	0.75700000
856304	0.22700000
856305	-0.32200000
856302	1.07700000
856301	0.05700000
851273	0.39000000
851272	1.38400000
851271	-0.37700000
856801	-0.02900000
851276	0.79100000
851275	-0.08900000
851274	-0.57800000
852185	-0.88900000
852638	-0.12000000
852187	-0.02900000
852188	0.57500000
852634	-0.35800000
852635	-0.15200000
851279	-0.02900000
852630	0.16300000
852631	-0.23400000
856748	1.78200000
856749	0.59500000
856746	-0.83700000
856744	1.00000000
856745	2.89900000
856742	0.66900000
856740	0.42200000
856741	0.88000000
854920	1.42800000
854921	1.97500000
854924	5.33700000
854925	-0.07400000
854926	0.35600000
854927	-0.59900000
853323	0.44400000
853322	-0.12000000
853327	0.20200000
853326	0.77400000
853325	-0.43400000
854910	-2.94300000
854678	-0.57800000
854679	-2.94300000
854670	1.33300000
854672	-0.30400000
854673	-3.18400000
854674	-0.47400000
854676	-0.76100000
852988	-0.66700000
852989	-0.35800000
852458	-1.08900000
852459	0.05700000
852452	-1.94300000
852453	-1.35800000
852450	0.56600000
852451	-1.88900000
852456	-0.23400000
852457	-0.37700000
852455	-0.13600000
856298	-2.55600000
856290	0.22700000
854919	1.76100000
856292	-2.00000000
856293	-0.71300000
856294	0.39000000
856295	1.01400000
856296	2.47200000
853442	-1.88900000
1466496	-0.66700000
853441	-0.30400000
855119	1.18300000
853447	0.35600000
853589	0.61400000
853588	-2.55600000
853587	-1.51500000
853586	1.03600000
853585	0.46500000
853445	-0.66700000
853583	0.04300000
853582	0.00000000
853581	-0.10500000
853580	-0.69000000
854310	0.65100000
854317	-2.18400000
855988	-0.57800000
855981	-0.73700000
855983	0.42200000
854314	-0.97100000
855985	1.59000000
855986	-0.13600000
850353	-0.08900000
850352	-0.20100000
850351	-0.88900000
855182	1.13800000
855184	-0.20100000
855187	0.75700000
850354	0.02900000
855189	-1.15200000
850359	0.84000000
850358	0.85600000
853918	-0.41500000
853919	-0.66700000
853916	-0.04400000
853917	-1.05900000
853910	-1.39600000
853912	6.67200000
850660	-0.02900000
851400	0.22700000
851404	-0.45400000
851406	7.12600000
851407	-3.83700000
851408	0.51600000
851952	0.63200000
851953	0.80700000
851484	-2.32200000
851957	-0.21800000
850665	-2.83700000
851955	0.63200000
855404	0.37900000
855405	0.87200000
855406	0.46500000
855401	1.60400000
855402	0.66000000
855403	-1.64400000
855408	-1.94300000
855409	-0.13600000
853469	1.19500000
853464	3.09900000
853465	-0.20100000
853466	0.29900000
853460	0.44400000
853461	0.07000000
853462	0.78200000
853463	-0.73700000
852845	0.62300000
852844	1.10400000
852847	0.48500000
852846	2.67100000
852842	0.46500000
852848	-0.08900000
856175	-0.55600000
856170	0.79900000
856173	-0.04400000
856179	0.70500000
854119	0.75700000
854118	-1.69000000
854449	0.23900000
854448	-0.15200000
854115	0.62300000
854117	-2.18400000
854444	-0.86200000
854443	-1.32200000
854441	-0.26900000
851557	0.32200000
851554	0.67800000
851550	-0.35800000
850721	-0.51500000
850726	1.16300000
850727	0.79900000
850725	0.34500000
850538	0.66900000
850537	1.44400000
850534	1.00700000
850532	0.00000000
855238	1.22700000
855232	-2.25200000
855231	1.06400000
855237	1.84800000
855235	3.73400000
852256	0.35600000
852257	-1.15200000
852618	-0.18400000
852619	-0.37700000
852259	0.85600000
852610	-0.71300000
852612	-1.02900000
852614	-0.91600000
852615	-0.16800000
852617	-0.51500000
856768	0.25100000
856769	0.94900000
856761	2.00700000
856763	0.97800000
856764	-0.41500000
856765	-0.59900000
856766	-0.04400000
856767	0.43300000
854948	-3.64400000
854949	-0.02900000
854942	-0.10500000
854943	-0.37700000
854940	0.72200000
854941	-5.05900000
854946	1.22700000
854945	-0.43400000
852474	-0.37700000
852477	0.39000000
852470	-1.59900000
852471	0.65100000
852472	-0.49400000
852478	0.34500000
852479	-2.12000000
855190	1.01400000
852382	-0.73700000
855195	-2.32200000
853705	-1.39600000
853707	1.17600000
853706	1.01400000
853701	0.44400000
853700	-1.94300000
853702	0.01400000
852388	-0.41500000
851648	0.74000000
851649	1.37300000
851646	0.53600000
851647	-1.02900000
851644	-1.39600000
851645	0.17600000
851643	1.27500000
851640	0.77400000
851641	1.11800000
851398	0.36700000
851399	0.34500000
851468	0.41100000
851469	0.07000000
851462	0.13800000
851391	-0.35800000
851392	-0.37700000
851461	0.54600000
851394	0.04300000
851467	1.51100000
851464	-0.45400000
855035	-0.12000000
855394	-0.62100000
855393	-0.51500000
852289	-0.41500000
852283	-0.08900000
852282	0.13800000
852280	0.49600000
852287	-1.47400000
852285	-0.25200000
852284	0.23900000
851628	1.07000000
852868	-1.47400000
852867	-0.07400000
852866	0.83200000
852865	0.48500000
852864	0.18900000
852863	1.39500000
852862	0.07000000
852861	0.93400000
852860	0.46500000
856159	0.04300000
856154	-1.05900000
856153	0.44400000
856152	0.16300000
854136	-1.78600000
854135	0.70500000
854134	-1.78600000
854133	1.22000000
854131	0.46500000
854130	0.57500000
854139	-1.47400000
854138	-2.18400000
854428	-0.88900000
854421	-1.28600000
854420	-0.83700000
854423	-0.45400000
854425	-0.45400000
854427	-0.39600000
854426	-2.39600000
851624	0.22700000
851626	0.04300000
850704	-1.47400000
850705	-1.02900000
850707	-0.51500000
850700	-1.18400000
850703	0.16300000
851620	0.69600000
850709	-0.76100000
851621	0.50600000
856423	1.59000000
851434	0.29900000
856421	-0.57800000
851436	-1.05900000
851623	-0.41500000
851431	1.16300000
856426	-0.59900000
851433	3.95100000
851432	-0.55600000
851075	0.23900000
851074	0.64200000
851077	-1.55600000
851076	0.72200000
851071	-0.18400000
851073	1.07000000
851079	-3.64400000
851714	0.45400000
851717	0.66000000
851710	1.11100000
851712	0.15100000
851861	1.96300000
852672	-0.10500000
852670	-0.04400000
852676	-0.25200000
852675	-1.05900000
852678	-0.35800000
852679	1.91500000
856702	-0.39600000
856700	-0.51500000
856704	1.72700000
856709	0.48500000
854964	-2.55600000
854965	1.31600000
854966	0.96300000
854960	-0.18400000
854963	1.40100000
854968	1.42200000
854969	0.51600000
852498	0.72200000
852499	0.92600000
852496	-0.94300000
852497	-0.35800000
852494	-0.41500000
852495	0.61400000
852492	0.86400000
852493	0.63200000
852491	-0.97100000
852377	-0.47400000
852376	-0.28600000
855615	-0.59900000
855616	0.07000000
854639	2.55600000
855613	-3.05900000
855612	-1.02900000
854635	-0.41500000
854636	0.51600000
854637	-0.62100000
854630	-0.55600000
855618	0.00000000
854632	-0.37700000
855949	2.01800000
855948	-0.28600000
855945	0.49600000
855944	0.40100000
855947	-0.91600000
855946	-1.78600000
855941	-3.47400000
855940	0.13800000
855943	-1.25200000
855942	-0.57800000
853729	0.04300000
853728	-0.57800000
853724	0.54600000
853723	-0.21800000
853721	0.21400000
853720	0.97100000
854090	1.00000000
854091	0.49600000
854092	0.62300000
854093	-1.64400000
854094	0.29900000
854095	0.40100000
854096	1.40600000
854097	0.02900000
854098	0.48500000
854099	1.17000000
856940	-0.25200000
851661	-0.37700000
851663	-0.49400000
851664	1.48500000
851665	-2.00000000
851666	0.77400000
851667	-0.28600000
850397	-2.55600000
850396	0.62900000
850392	-0.30400000
850399	-0.43400000
850398	-0.30400000
851916	0.73100000
851917	0.25100000
851446	-1.15200000
851440	0.42200000
851441	-0.18400000
851442	1.35000000
851911	1.99600000
851430	-0.02900000
851448	2.18000000
851449	0.13800000
851722	-0.62100000
851724	0.59500000
855377	-0.97100000
855373	0.83200000
855371	-4.32200000
852809	-0.23400000
852801	0.54600000
852800	-0.45400000
852803	0.02900000
852802	-4.32200000
852805	-0.15200000
852804	-2.00000000
852806	-0.07400000
856138	-0.45400000
856131	0.58500000
856130	-0.12000000
856133	-0.97100000
856132	0.44400000
856135	0.20200000
856134	0.15100000
856136	-0.34000000
854151	-0.21800000
854150	-3.83700000
854401	0.02900000
854152	-2.83700000
854155	0.33300000
854406	-0.49400000
854157	-0.16800000
854156	-0.41500000
854159	0.28700000
854158	-0.34000000
854409	-3.47400000
854408	-1.47400000
850898	1.33900000
851607	-0.55600000
850894	-3.47400000
850897	0.44400000
850890	1.28700000
850891	0.32200000
850892	1.28100000
850893	-3.18400000
853364	0.60400000
855169	-0.23400000
855167	1.48000000
855166	0.74000000
850402	1.77400000
855161	-3.47400000
850400	-1.00000000
852639	0.01400000
852636	-0.94300000
851059	1.41100000
851058	-2.64400000
851056	0.42200000
851055	-0.34000000
851054	-0.08900000
851051	0.63200000
856311	0.05700000
856310	1.06400000
856319	0.11100000
856318	0.11100000
852659	-0.39600000
852128	2.48300000
852129	0.81600000
852654	0.97100000
852657	-0.21800000
852650	-0.94300000
852123	1.37300000
852652	-0.21800000
852121	-0.81100000
851638	0.23900000
856728	0.97800000
856729	-0.35800000
856724	-0.39600000
856725	-0.88900000
856726	0.68700000
856727	-0.41500000
856720	0.76600000
856721	0.91800000
856722	-0.64400000
856723	-3.05900000
854989	0.07000000
854986	-3.83700000
854987	-0.86200000
854984	-1.51500000
854985	-2.47400000
854982	-1.88900000
854983	0.42200000
854980	0.43300000
854981	0.43300000
851633	1.86800000
856912	-1.00000000
851631	1.73600000
851637	0.90300000
851636	-1.78600000
854928	0.33300000
851635	0.86400000
854929	-0.62100000
856914	0.56600000
855585	1.44400000
855584	1.29300000
855587	-0.15200000
855586	0.20200000
855581	-3.64400000
855580	6.75100000
855583	-0.49400000
855589	0.42200000
855588	2.22300000
853450	0.00000000
853452	-0.20100000
853529	-0.53500000
853528	0.74800000
853298	0.42200000
853297	-1.21800000
853296	-0.32200000
853295	1.30500000
853293	-3.18400000
853292	1.32200000
853523	-0.69000000
853290	0.22700000
853456	1.09800000
855639	0.23900000
855638	-0.71300000
855637	-1.12000000
855636	-0.64400000
855634	-0.53500000
855633	-0.37700000
855630	-0.08900000
853748	-0.51500000
853743	0.89500000
853744	-0.64400000
853747	-0.15200000
853746	-0.13600000
852980	-0.59900000
852983	-0.18400000
852984	1.17000000
852985	-0.88900000
855967	0.16300000
855965	-0.12000000
855964	0.04300000
855963	0.09800000
855962	0.11100000
855960	-2.32200000
852987	-1.35800000
855969	2.08100000
855968	0.13800000
856922	4.77300000
856920	0.49600000
856921	0.02900000
856926	-0.69000000
856927	-0.51500000
856924	0.62300000
856925	0.13800000
851608	0.77400000
851609	0.83200000
854216	-1.02900000
854217	0.47500000
854214	3.54800000
854212	-0.81100000
854213	-0.05900000
854210	-0.66700000
854211	-0.49400000
856291	0.02900000
851930	1.69600000
851931	0.21400000
851932	0.34500000
851933	-0.34000000
851934	-1.02900000
851935	0.33300000
851937	1.31600000
851938	1.47000000
851939	-0.71300000
850515	-0.47400000
855034	2.25400000
855036	0.31000000
855030	0.23900000
855033	0.26300000
850518	0.57500000
855358	-5.05900000
855359	1.43300000
855350	0.61400000
855352	0.00000000
855353	0.15100000
855356	-1.88900000
855357	-1.35800000
852823	0.94100000
852822	0.33300000
852821	1.84400000
852820	0.32200000
852351	0.74000000
852826	-0.49400000
852825	1.02900000
852824	0.12400000
852828	1.52100000
852359	-0.30400000
852358	0.44400000
856113	1.95600000
856112	1.00000000
856111	0.84800000
856117	-1.25200000
856114	0.56600000
856119	-4.32200000
856118	-1.32200000
853198	3.32200000
853199	0.80700000
853194	0.41100000
853195	0.36700000
853196	-0.73700000
853197	-4.05900000
853191	-0.05900000
853192	-0.16800000
853193	0.09800000
854179	0.34500000
853584	0.25100000
854173	-1.00000000
854170	-0.94300000
854175	-0.43400000
854174	-0.53500000
851013	3.18900000
851541	2.18000000
851015	0.79900000
851542	-0.41500000
855288	-0.62100000
852069	0.71400000
850543	1.00700000
850540	-0.08900000
850541	-0.56000000
854456	-0.05900000
854457	-0.57800000
854458	-0.01400000
851039	-0.78600000
855982	-0.69000000
851030	-0.05900000
851032	-0.43400000
851035	-2.18400000
851034	1.82000000
851037	1.06400000
851036	-2.64400000
851498	-2.18400000
852108	0.89500000
852109	0.25100000
852100	-1.15200000
852101	-0.05900000
852102	-0.49400000
852104	0.81600000
852105	1.00700000
852106	-0.53500000
852107	-3.18400000
852715	0.05700000
852714	-2.73700000
852717	0.29900000
852716	-0.26900000
852710	-0.20100000
852713	-0.66700000
852712	-0.71300000
853507	-0.45400000
853506	-1.00000000
853504	-1.05900000
853503	1.00700000
853502	0.36700000
855180	-0.64400000
855183	0.75700000
853509	0.13800000
853508	0.86400000
855659	-1.78600000
855658	-2.32200000
855651	0.48500000
855650	-0.16800000
855653	0.25100000
855652	-0.94300000
855655	-2.47400000
855654	0.05700000
853763	-0.39600000
853762	-2.64400000
853761	0.08400000
853760	-0.02900000
853766	-0.13600000
853765	0.26300000
853768	0.39000000
855903	-2.05900000
855902	-0.45400000
855905	0.84800000
856303	0.12400000
855907	0.62300000
855906	-0.34000000
855909	-1.25200000
855908	-1.47400000
856908	0.31000000
856904	0.42200000
851625	1.93000000
856906	0.56600000
851627	1.26300000
856900	-0.86200000
856901	0.61400000
856903	0.41100000
854230	-0.66700000
854231	-0.26900000
854232	-0.71300000
854233	-0.53500000
854234	0.20200000
854235	0.00000000
854236	-0.23400000
851488	-0.26900000
851959	0.21400000
851480	0.64200000
851481	0.13800000
851482	0.34500000
851483	0.98600000
851956	0.88800000
851485	-0.69000000
851486	-0.35800000
851487	1.25100000
850685	2.08400000
850684	0.07000000
850687	0.75700000
850686	-0.25200000
850680	-0.51500000
850683	-0.91600000
850682	-1.83700000
850688	-3.18400000
850539	0.16300000
855018	-0.02900000
855017	-0.43400000
855016	0.37900000
855015	0.54600000
855014	0.60400000
855013	0.15100000
855012	0.70500000
855011	0.34500000
853888	1.10400000
853882	0.42200000
853880	-0.59900000
853881	1.82000000
853886	1.32200000
853884	1.00700000
853885	0.20200000
855332	-0.12000000
855333	0.42200000
855330	0.34500000
855331	0.35600000
855336	1.57000000
855337	0.35600000
855335	-3.64400000
855338	1.32200000
855339	0.59500000
855488	0.40100000
855489	-1.21800000
855484	-0.18400000
855485	-0.16800000
855487	-0.49400000
855480	0.05700000
855483	-0.47400000
852593	0.55600000
852592	-0.05900000
852591	0.01400000
852590	-0.12000000
852597	0.05700000
852596	1.02900000
852594	-2.47400000
852598	-0.21800000
856683	0.13800000
856682	0.66900000
856681	-0.76100000
856687	-3.47400000
856686	-0.43400000
856689	0.12400000
856688	0.09800000
854825	-0.20100000
854824	1.76100000
854827	0.20200000
854826	0.91800000
854821	0.58500000
854822	-0.76100000
854829	-1.28600000
854828	0.01400000
852379	-0.91600000
852378	-2.05900000
852373	-0.21800000
852372	0.57500000
852371	-2.05900000
852370	-0.18400000
850946	0.35600000
850947	1.20800000
850944	-0.73700000
850945	-1.83700000
850942	1.50100000
850943	-0.71300000
850940	1.40100000
850941	0.29900000
850949	0.45400000
850876	-0.08900000
850877	-0.62100000
850650	-0.37700000
851545	-0.45400000
851544	0.54600000
851547	-0.73700000
851010	1.22000000
851543	-0.47400000
851014	-4.32200000
850656	-0.62100000
851019	-1.35800000
851018	-0.05900000
851549	0.01400000
851548	-2.64400000
850870	0.91800000
851702	1.14400000
851870	-0.57800000
851705	-0.55600000
852160	-1.15200000
852161	-0.02900000
852167	-1.73700000
852168	-0.41500000
852169	-0.71300000
853561	0.09800000
853560	-1.35800000
853563	0.91800000
853562	1.10400000
853565	-0.41500000
853567	0.56600000
853566	-0.12000000
853569	-0.08900000
853568	0.63200000
855673	0.08400000
855677	-3.83700000
855676	-0.32200000
855675	0.56600000
855674	-0.23400000
855679	-0.25200000
855678	-0.12000000
853788	-2.73700000
853785	0.01400000
853784	-4.32200000
853787	-1.08900000
853781	-1.32200000
853780	-0.62100000
853782	0.48500000
852786	-0.20100000
852785	0.52600000
852782	-0.32200000
852783	1.73100000
852780	0.77400000
852789	0.55600000
856096	-0.20100000
856094	1.28100000
856092	-0.88900000
856093	0.75700000
856090	0.02900000
856091	-0.13600000
856098	-0.25200000
854781	0.16300000
854785	-0.15200000
854038	0.20200000
854039	0.16300000
854789	0.75700000
854034	-0.53500000
854035	-0.32200000
854032	0.53600000
856320	-1.18400000
856321	0.33300000
855929	0.04300000
855928	0.37900000
856324	0.46500000
855923	-0.35800000
855922	0.32200000
855920	-0.28600000
855927	0.51600000
855926	0.33300000
854252	0.45400000
854253	-0.07400000
854251	-0.26900000
854256	-0.07400000
854255	0.08500000
850559	0.95600000
850558	0.54600000
855071	1.11100000
855070	0.62300000
850552	-0.20100000
850554	0.86400000
855077	0.41100000
855076	0.62300000
851975	-2.55600000
851976	-0.08900000
851977	0.59500000
851972	0.20200000
851973	-1.47400000
851978	-0.25200000
851979	0.90300000
855318	0.72200000
855319	-0.20100000
855316	-0.41500000
855317	-0.78600000
855312	-0.07400000
856555	0.17600000
851206	-0.64400000
851205	0.26300000
856522	0.88800000
856523	0.96300000
856521	-0.23400000
856528	-0.04400000
856529	-1.59900000
852579	-0.02900000
852578	-0.21800000
852575	0.65100000
852574	-3.18400000
852577	-0.28600000
852576	0.93400000
852571	0.55600000
852573	-0.23400000
852572	0.72200000
856669	-1.47400000
856668	-0.47400000
856665	-1.15200000
856664	-0.66700000
856667	-1.00000000
856660	1.76100000
856663	-1.00000000
856662	-0.88900000
854809	-0.32200000
854808	-0.71300000
854805	1.47500000
854804	-0.37700000
854801	-0.18400000
855834	0.15100000
856554	-1.25200000
852319	-1.21800000
852318	-0.45400000
852311	-0.07400000
852310	1.51600000
852313	-3.64400000
852312	2.25100000
852314	1.78200000
852317	-0.10500000
852316	-0.28600000
855836	0.25100000
850478	0.05700000
850469	-0.35800000
853042	0.39000000
853043	-1.12000000
853048	-3.47400000
853049	-0.23400000
855832	-1.05900000
850470	0.09800000
850961	2.47500000
850962	1.10400000
850963	0.91100000
850788	0.48500000
854786	-0.53500000
850966	0.41100000
850784	-0.28600000
850785	-0.08900000
850786	2.67600000
850787	-0.15200000
850782	1.26300000
850783	-0.05900000
854036	0.33300000
854037	0.88800000
851782	-0.76100000
851781	0.59500000
851787	-1.00000000
851786	0.16300000
851785	1.05000000
851784	0.52600000
851789	-0.08900000
851788	-0.69000000
851569	-0.10500000
852624	0.15100000
851566	0.89500000
851565	0.11100000
851564	1.79900000
851563	-0.57800000
851562	0.46500000
851561	-0.41500000
851560	1.09800000
852626	0.74000000
856322	-0.69000000
852620	1.00000000
856323	3.92000000
852623	0.17600000
852622	0.09800000
856827	0.61400000
851296	-0.47400000
856821	-0.20100000
856820	1.32800000
850958	-0.53500000
850464	0.73100000
854414	-0.25650000
852149	0.64200000
852144	0.62300000
852145	1.35000000
852146	1.12400000
852147	0.36700000
852141	-0.25200000
852142	0.62300000
852143	-0.25200000
853548	0.67800000
854415	0.69600000
853235	2.13800000
853542	1.16300000
853540	0.17600000
853547	1.14400000
853546	0.46500000
853545	0.35600000
855699	0.31000000
855695	-0.18400000
855691	2.19200000
855690	-0.02900000
855692	-1.05900000
856287	0.45400000
854018	0.21400000
854019	0.12400000
854011	1.11100000
854012	1.25100000
854013	0.27500000
854016	-0.71300000
854017	-1.25200000
856349	1.74000000
856289	-0.66700000
856342	0.18900000
856341	0.21400000
856346	-1.78600000
856345	-0.43400000
854275	-2.25200000
854276	-0.66700000
854270	-0.25200000
854271	0.20200000
854278	0.70500000
854279	-0.49400000
851369	-0.39600000
855053	0.04300000
855052	-5.05900000
855051	0.66900000
855050	0.08400000
855057	1.13800000
855055	-0.39600000
855054	-0.28600000
855059	-1.64400000
853848	-0.32200000
853849	0.36700000
853846	0.26300000
853847	-2.25200000
853844	-0.12000000
853845	1.09800000
853842	1.15700000
853843	0.41100000
853840	-0.25200000
853841	-0.47400000
851998	-0.13600000
851996	0.95600000
851997	-0.55600000
851994	1.27500000
851995	1.02900000
851992	-1.47400000
851993	-1.25200000
851990	-2.18400000
851991	0.48500000
851196	-1.00000000
851197	-0.49400000
851194	0.65100000
851195	-2.83700000
851192	-0.25200000
851193	0.31000000
851190	0.51600000
851191	-1.78600000
851199	-0.86200000
856500	0.56600000
856501	0.33300000
856502	0.57500000
856503	-0.59900000
856504	0.72200000
856505	1.75700000
856506	1.41100000
856507	0.15100000
856508	0.34500000
856509	0.77400000
852557	0.63200000
852556	-0.15200000
852555	0.45400000
852554	-0.64400000
852553	0.72200000
852551	-1.94300000
852550	1.05700000
852559	1.19500000
852089	0.13800000
852088	0.17600000
856645	0.17600000
856644	-0.35800000
856643	0.68700000
856642	1.75300000
852081	0.43300000
852083	0.02900000
852082	-2.32200000
852084	0.22700000
852087	0.76600000
852086	1.71400000
854869	0.09800000
854861	-0.08900000
854863	-1.15200000
854862	-0.05900000
854865	-1.32200000
854864	-0.18400000
854867	0.00000000
854866	0.01400000
852881	0.75700000
852332	0.39000000
852331	0.81600000
852330	-0.37700000
852337	-2.18400000
852335	-0.28600000
852334	-0.12000000
852889	0.29900000
852888	0.37900000
853684	1.07700000
853686	-2.55600000
853687	1.70500000
853680	0.04300000
853681	-0.30400000
853682	-2.55600000
853683	0.08400000
853688	-0.66700000
855736	-0.78600000
855737	-1.21800000
855732	3.31800000
855730	-3.18400000
855731	-0.53500000
855738	0.13800000
855739	0.97100000
853060	0.95600000
853061	0.88000000
853062	-0.91600000
853064	-4.64400000
853065	1.66400000
851606	2.54100000
854489	-2.55600000
854488	0.00000000
854483	-1.08900000
854482	0.05700000
854481	-2.00000000
854480	-0.76100000
854487	-3.05900000
854485	0.43300000
854484	-0.69000000
850908	2.03200000
850909	-0.62100000
850902	0.94900000
850903	0.25100000
850900	1.09100000
850901	1.28100000
850906	0.73100000
850904	0.39000000
850905	0.12400000
855078	0.13800000
851768	-0.12000000
851765	-3.18400000
851764	-0.05900000
851767	-1.02900000
851766	-1.55600000
851761	-0.32200000
851763	0.88000000
851762	1.08400000
852019	0.02900000
850551	-1.35800000
850550	-0.86200000
850553	1.31600000
850555	-0.59900000
851509	-2.12000000
851508	-0.57800000
854446	-3.64400000
851501	-0.30400000
851500	0.20200000
851503	-0.01400000
851502	2.06400000
851504	0.28700000
851507	-0.08900000
851506	0.79100000
854116	-1.88900000
854111	0.05700000
854113	0.77400000
852230	-0.08900000
852231	0.71400000
852236	-0.59900000
852234	0.18900000
852093	-0.39600000
855509	-0.81100000
855505	-0.32200000
855504	-0.28600000
855507	0.79900000
855506	0.21400000
855501	1.63200000
855500	-0.76100000
855503	-0.35800000
855502	-0.35800000
852090	0.04300000
852096	0.12400000
852097	0.31000000
853217	2.18900000
853212	-0.57800000
853210	-1.05900000
853218	-0.69000000
854072	2.02500000
854076	-0.69000000
854075	-6.64400000
854078	-4.32200000
854079	-0.30400000
852095	1.01400000
856364	0.05700000
856365	3.27200000
856366	-0.04400000
856360	-0.78600000
856361	0.23900000
856362	0.00000000
856368	0.58500000
854299	0.77400000
854296	-0.55600000
854297	0.47500000
854295	1.44900000
854292	0.94900000
850599	-1.08900000
850598	-0.04400000
850595	0.13800000
850597	-0.35800000
850590	-1.88900000
850593	0.64200000
853868	0.35600000
853869	0.47500000
853860	1.45900000
853861	-0.20100000
853862	1.22000000
853863	-0.20100000
853864	-2.25200000
853865	-0.71300000
853866	-1.59900000
853867	1.26300000
851207	-0.15200000
851204	-0.49400000
851202	0.67800000
851203	1.01400000
851248	0.90300000
851249	-0.13600000
856562	0.04300000
851243	0.36700000
851240	-2.73700000
851241	-0.16800000
851244	0.49600000
851245	-0.05900000
852531	0.08400000
852530	0.31000000
852533	-0.78600000
852537	0.26300000
852536	-0.30400000
852539	-0.15200000
852538	0.07000000
856621	-0.37700000
856623	0.17600000
856625	0.16300000
851208	-3.05900000
856626	-0.97100000
856629	-0.08900000
856628	0.46500000
851209	-0.81100000
854843	0.02900000
854842	1.09100000
854841	-0.57800000
854840	0.25100000
854847	4.42100000
854846	4.71600000
854845	3.65600000
854844	-2.73700000
854849	5.13400000
854848	2.77000000
856199	-0.57800000
856198	0.28700000
856193	2.57300000
856197	0.34500000
856196	1.77000000
856195	-0.16800000
853668	0.02900000
853669	2.06000000
853666	-0.69000000
853667	0.52600000
853664	-2.64400000
853665	-0.04400000
853662	4.27800000
853660	1.03600000
853661	2.00000000
855710	0.27500000
855711	-0.01400000
855712	1.68700000
855716	-0.88900000
855717	2.39200000
855718	-2.94300000
853008	0.75700000
853009	1.42200000
852356	-0.83700000
853002	0.15100000
853003	-0.64400000
853007	0.95600000
851747	1.07000000
851746	0.11100000
851745	0.40100000
851743	-0.73700000
851742	0.66900000
851741	0.72200000
851740	-2.39600000
852352	-0.69000000
851748	-0.64400000
850924	0.23900000
850293	0.07000000
850290	0.74800000
850291	0.29900000
850921	-0.76100000
850922	2.02900000
850923	0.33300000
851226	-0.08900000
850298	-5.64400000
850928	-1.00000000
851522	-0.28600000
851521	-0.20100000
851520	-1.21800000
851527	-0.07400000
851525	-0.07400000
851524	-0.32200000
851529	-0.12000000
850645	-0.53500000
850860	1.29900000
850647	0.60400000
854437	-0.15200000
850646	0.17600000
855156	-0.08900000
855157	-4.64400000
855154	0.86400000
855155	-0.08900000
850432	0.73100000
850433	0.56100000
850430	-0.37700000
850431	-0.15200000
850438	-0.23400000
850439	0.23900000
853554	0.13800000
853555	-0.76100000
853556	-0.16800000
853225	-0.28600000
853550	0.70500000
853551	0.40100000
855526	-0.07400000
855525	0.26300000
855524	-3.47400000
855522	-1.32200000
855521	1.89500000
853221	-0.73700000
850841	4.00600000
855529	0.77400000
855528	-0.25200000
852276	0.02900000
852277	-0.13600000
852274	-0.34000000
852275	-0.32200000
852273	-0.18400000
852271	-0.34000000
852278	0.46500000
852279	1.15100000
851332	0.08400000
853271	0.56600000
853273	0.29900000
853272	0.75700000
853275	1.40600000
853274	-0.26900000
853277	0.49600000
853276	0.02900000
853279	3.26600000
854058	0.45400000
854059	-0.34000000
854729	-0.04400000
854726	-1.51500000
854055	-0.73700000
854725	2.63700000
854051	-0.51500000
854721	1.18300000
856388	-2.64400000
856389	0.16300000
856386	-1.08900000
856387	0.04300000
856384	0.56600000
856382	-1.39600000
856383	-0.10500000
856381	-0.76100000
853495	0.59500000
853494	1.63200000
853497	0.29900000
853491	1.35000000
853490	0.81600000
853498	-1.00000000
850609	0.64200000
850608	-0.97100000
855899	-0.25200000
855898	0.69600000
850605	1.15100000
850607	-0.23400000
850606	1.30500000
850600	0.45400000
850603	-0.13600000
850602	0.53600000
855097	0.95600000
855096	0.07000000
855095	-0.37700000
855094	0.04300000
855093	-0.53500000
855092	-0.71300000
853802	-0.20100000
853803	2.50300000
853800	1.96000000
853801	0.22700000
853806	3.31200000
853807	-0.35800000
853804	0.27500000
853805	-0.10500000
853809	-3.32200000
851265	0.16300000
856546	1.09100000
856547	-1.05900000
851260	-1.47400000
851261	-0.43400000
851262	0.68700000
851263	-0.51500000
851268	0.61400000
851269	1.23900000
856818	-0.07400000
856819	-0.01400000
854922	0.82400000
852519	0.77400000
852518	-0.30400000
852048	0.79900000
852512	-0.10500000
852511	0.59500000
852046	1.22700000
852517	0.28700000
852516	0.97800000
852515	0.22700000
852042	0.97100000
856608	-0.20100000
856603	-2.64400000
856602	0.34500000
856600	-1.18400000
856607	-0.13600000
856606	0.01400000
856605	-0.28600000
853648	-0.62100000
853649	0.22700000
853398	0.45400000
853399	1.51100000
853392	0.05700000
853393	1.03600000
853390	0.52600000
853391	0.94100000
853644	1.15100000
853397	-2.25200000
853646	0.31000000
853647	4.55900000
855778	0.51600000
855779	0.62300000
855772	1.25100000
855773	1.33900000
855771	0.88800000
855774	-1.35800000
855775	-0.15200000
853025	0.25100000
853026	0.42200000
853023	-2.83700000
853028	0.35600000
853029	-2.73700000
853045	-0.49400000
850463	-0.12000000
850465	0.64200000
855104	-0.71300000
854797	0.53600000
854795	1.06400000
852986	-0.37700000
854794	-1.51500000
854793	-1.64400000
854792	-1.28600000
854023	-1.69000000
854790	0.15100000
851893	-3.83700000
851892	0.62300000
851891	-0.88900000
851890	1.48500000
851897	-0.20100000
851896	-0.97100000
851895	-0.07400000
851726	1.45900000
851729	0.29900000
851899	0.95600000
851898	-0.13600000
854555	-0.81100000
854557	-0.86200000
854551	-1.47400000
854559	-0.23400000
851099	0.49600000
851098	1.49100000
851092	0.17600000
851091	1.80700000
851096	-1.78600000
851095	-0.12000000
855170	0.46500000
855171	0.21400000
850412	0.31000000
850413	0.53600000
850414	-2.18400000
855175	0.05700000
855176	-2.64400000
855177	-4.05900000
855178	-0.83700000
855179	-0.32200000
851201	0.65100000
856852	-1.00000000
856581	1.86000000
850964	0.77400000
856850	-1.02900000
856856	-0.12000000
850969	-2.32200000
855541	0.45400000
855540	-3.32200000
855543	-3.64400000
855545	0.59500000
855544	0.20200000
855547	-4.05900000
852250	0.95600000
852252	0.29900000
852253	-2.12000000
852254	-1.28600000
852255	-0.20100000
852708	-0.78600000
852709	-0.53500000
852707	-1.47400000
852704	-3.64400000
852702	-1.08900000
852703	-0.69000000
852700	-0.20100000
856018	1.95600000
856019	-2.12000000
856016	0.47500000
856017	3.22000000
856014	0.40100000
856015	-2.12000000
856013	3.98500000
856010	0.50600000
856011	-0.97100000
853259	1.29900000
853253	-1.39600000
853252	0.22700000
853250	-1.78600000
853257	-0.35800000
853256	-0.37700000
853255	0.29900000
854709	1.29300000
854700	0.05700000
854701	-0.69000000
854702	-0.25200000
850627	-2.05900000
850626	0.07000000
850625	-1.69000000
850624	-1.39600000
850623	-0.94300000
850620	0.60400000
850628	-0.49400000
851336	-1.39600000
851334	0.46500000
851335	0.47500000
853828	-0.28600000
853829	1.02100000
853824	0.02900000
853825	0.02900000
853826	0.71400000
853827	0.47500000
853821	0.17600000
853823	-1.39600000
851330	0.31000000
851338	0.12400000
851339	-0.10500000
856830	0.81600000
856831	0.46500000
856832	-0.30400000
856835	0.86400000
856836	-2.83700000
851289	-0.81100000
851286	0.12400000
856839	-1.21800000
851285	0.49600000
851282	0.21400000
851280	-0.37700000
851281	-0.78600000
854886	0.65100000
854883	0.61400000
854882	0.62300000
854881	-3.05900000
854889	0.77400000
854888	-0.25200000
856837	0.40100000
852066	0.23900000
852065	-0.26900000
852064	0.80700000
852063	-0.41500000
852062	0.64200000
852061	-1.47400000
852060	-3.32200000
855282	-0.25200000
855283	-2.39600000
855287	0.81600000
855284	-1.69000000
852068	-0.32200000
853623	0.89500000
853620	2.31900000
853621	0.76600000
853626	-0.18400000
853624	0.63200000
853628	0.95600000
853629	0.81600000
855754	1.08400000
855755	-0.35800000
855756	1.23900000
855757	0.36700000
855750	0.07000000
855751	-0.51500000
855752	-0.49400000
855753	0.02900000
855758	-1.69000000
852391	-0.35800000
852390	-0.73700000
852393	0.34500000
852392	0.28700000
852395	0.00000000
852397	-1.32200000
852399	0.45400000
852398	0.37900000
850567	0.02900000
850561	-0.39600000
850562	1.03600000
855043	0.89500000
854392	-0.73700000
854391	-0.12000000
854390	1.64600000
854397	-0.30400000
854396	1.25700000
854395	-0.20100000
854394	-3.64400000
854399	-1.69000000
852935	1.32200000
852934	-0.39600000
852937	0.95600000
852931	-0.16800000
852933	0.51600000
852932	-0.30400000
855048	-4.05900000
852939	0.84000000
855049	0.22700000
856226	-2.32200000
856220	0.00000000
856223	1.11100000
856228	-3.32200000
851709	1.43800000
851708	0.87200000
851878	2.74800000
851703	1.35600000
851874	-0.76100000
851701	0.00000000
851700	0.18900000
851707	0.82400000
851706	0.27500000
851873	0.52600000
851704	0.42200000
854575	-0.43400000
854571	1.13800000
854439	0.45400000
854432	0.26300000
854431	0.39000000
854124	1.29300000
853708	-0.16800000
854434	-1.83700000
853357	1.59900000
854435	0.66900000
852018	0.31000000
853606	-0.43400000
853607	1.37900000
853601	-0.13600000
853350	-0.13600000
856027	0.97800000
855118	-3.47400000
850479	0.12400000
852228	-1.94300000
855112	-1.12000000
855113	3.59100000
855110	0.90300000
850471	-0.20100000
855116	0.23900000
855117	0.65100000
855114	0.40100000
855115	1.98200000
855569	0.02900000
855568	-1.05900000
855563	-0.05900000
855562	0.82400000
855561	-0.43400000
855560	-2.94300000
855567	0.62300000
855566	0.23900000
855564	-0.25200000
852728	0.45400000
852729	-0.20100000
852238	-2.12000000
852239	-0.02900000
852720	0.55600000
852721	0.39000000
852722	-0.51500000
852723	0.36700000
852724	1.58500000
852237	-0.41500000
852726	0.62300000
852235	0.12400000
856030	-0.28600000
856031	-0.20100000
856032	0.91800000
856034	0.81600000
856035	1.69200000
856036	-1.12000000
854762	0.51600000
854763	0.45400000
854760	-0.83700000
854761	1.98200000
854766	0.88000000
854765	0.74800000
854768	0.04300000
850641	1.51100000
850864	-2.47400000
850643	0.05700000
850644	-2.00000000
850863	0.17600000
850649	-2.83700000
850648	-0.43400000
850869	-0.83700000
850868	1.17600000
854187	0.88000000
854185	1.04300000
854183	0.46500000
854181	-0.34000000
851119	-0.86200000
851117	-3.47400000
851114	-0.08900000
851115	0.05700000
851112	-0.05900000
851113	-1.35800000
851110	0.04300000
851111	0.27500000
851217	1.03600000
856589	0.88000000
856858	0.45400000
856859	-0.21800000
856580	0.08400000
856853	-2.83700000
856582	0.49600000
856583	1.66000000
856584	0.33300000
856854	-0.66700000
856855	1.09100000
851213	-0.20100000
856814	0.05700000
851212	-0.64400000
856815	-1.94300000
851219	-0.18400000
851218	0.84000000
853525	1.23300000
852001	0.13800000
852000	1.21400000
852003	0.60400000
852002	-0.35800000
852007	-2.94300000
852009	0.62300000
852008	-2.64400000
853608	-0.69000000
853609	-0.59900000
853358	-0.43400000
853359	0.18900000
853604	0.65100000
853605	-0.07400000
853354	-0.26900000
853352	-0.13600000
853602	0.27500000
853527	-0.49400000
852099	0.90300000
852092	-1.00000000
854379	-1.78600000
852541	-1.35800000
854377	0.57500000
854376	0.09800000
854371	0.79900000
854370	-0.04400000
854373	0.50600000
854372	0.47500000
852091	0.80700000
852918	-1.08900000
852916	0.37900000
852915	1.34500000
852911	-1.51500000
852910	0.45400000
852094	0.34500000
856209	-0.26900000
856204	-0.47400000
856203	-0.05900000
856201	-0.01400000
856200	-0.86200000
854519	-0.07400000
854518	-3.83700000
854511	0.33300000
854513	-0.81100000
854515	-0.25200000
850982	-3.05900000
850983	0.21400000
850980	0.27500000
850984	-0.26900000
850988	0.79900000
855828	0.21400000
851466	0.31000000
851857	0.48500000
850674	-1.18400000
851855	0.64200000
851396	0.77400000
850675	0.34500000
850676	0.67800000
851859	-1.25200000
851858	1.32200000
855825	1.87200000
850454	-0.64400000
855135	-0.18400000
850456	-0.05900000
855137	1.20800000
850450	0.55600000
855132	0.54600000
850321	-0.91600000
855821	-0.64400000
855138	0.42200000
850459	0.26300000
850328	0.00000000
850329	0.27500000
853982	-0.97100000
853981	-0.08900000
853986	-0.21800000
853984	-1.05900000
851580	-0.25200000
851583	-0.71300000
851582	0.47500000
851585	1.28100000
851584	-1.64400000
851587	-0.43400000
851589	-2.05900000
852324	0.15100000
852325	0.66900000
852326	-0.64400000
852327	0.13800000
852323	1.13800000
853230	-1.88900000
853232	-1.02900000
851325	1.55600000
851324	0.52600000
851327	2.12800000
851326	-3.32200000
851321	0.66900000
851320	0.11100000
851323	-0.13600000
851322	-1.00000000
851329	2.35300000
852214	-0.30400000
852215	1.70500000
852216	-0.57800000
852741	0.63200000
852746	0.12400000
852211	-2.05900000
852212	-0.78600000
852748	1.06400000
852749	-0.35800000
852218	0.26300000
852219	0.33300000
856052	0.44400000
856050	-0.55600000
856051	-0.69000000
856057	-2.39600000
856054	0.88000000
856055	0.36700000
856059	-0.05900000
853165	-0.15200000
853167	0.25100000
853166	-1.28600000
853161	-0.07400000
853160	-4.05900000
853162	-0.15200000
853169	0.66900000
853168	0.97100000
854748	1.45900000
854749	-0.16800000
854746	-3.47400000
854740	1.62800000
854741	-1.69000000
854743	-2.94300000
850669	-0.05900000
850668	0.88800000
850847	-0.37700000
850662	0.27500000
850845	2.59200000
850844	-1.32200000
850843	-1.12000000
855833	-0.91600000
850664	-0.39600000
851139	0.12400000
851130	-0.26900000
851131	-1.83700000
851132	0.93400000
851135	-0.97100000
851136	0.13800000
851856	-1.83700000
856876	0.63200000
856877	-0.26900000
856870	-0.18400000
856873	0.22700000
856879	0.47500000
850326	-0.35800000
855248	-0.59900000
855249	-1.64400000
855245	-0.26900000
855242	-0.13600000
855243	-0.57800000
855240	0.49600000
850325	0.77400000
852023	-0.15200000
850322	0.79900000
852021	-2.47400000
852026	-0.49400000
852024	-0.21800000
853379	1.37300000
850452	-0.32200000
853372	0.00000000
853373	1.18900000
853374	1.03600000
853375	-0.23400000
853376	-2.25200000
853377	1.79500000
855798	0.08400000
855799	-0.25200000
855790	-2.18400000
850458	0.11100000
855792	-0.05900000
855793	2.34800000
855795	1.57500000
855796	0.92600000
855797	-4.32200000
851102	0.44400000
852689	0.41100000
852688	0.46500000
852686	-1.18400000
852685	-1.69000000
852684	0.74800000
852682	-0.45400000
852681	-0.08900000
852680	-0.71300000
854357	1.44400000
854356	-1.32200000
854354	-1.94300000
854352	0.25100000
854351	0.22700000
854350	-1.12000000
854359	0.71400000
854358	-0.01400000
854689	1.39500000
854683	-0.78600000
854682	0.89500000
854685	-0.64400000
854684	-0.39600000
854686	-0.05900000
852971	1.28700000
852970	-2.73700000
852973	0.36700000
852972	-2.12000000
852975	0.48500000
852974	-1.18400000
852977	-0.28600000
852976	-2.73700000
853082	0.13800000
853083	-2.32200000
853080	-0.20100000
853086	-0.86200000
853085	1.84400000
856261	0.67800000
856260	0.92600000
853088	-2.32200000
853089	0.09800000
856264	-1.78600000
856267	-2.47400000
854532	-0.02900000
854531	-0.18400000
854530	0.93400000
854535	-0.81100000
854539	0.33300000
851831	0.62300000
851830	0.89500000
851833	1.12400000
851832	-0.43400000
851834	0.12400000
851836	-0.78600000
851839	0.42200000
851838	0.22700000
850301	0.74000000
850302	0.15100000
850303	-0.07400000
850304	-2.18400000
850305	1.20200000
850307	-0.66700000
850308	0.55600000
850309	0.73100000
853969	-2.05900000
853968	1.79900000
853964	-1.25200000
853967	-1.94300000
853966	2.32500000
853961	-0.21800000
853960	-0.53500000
853963	0.25100000
853962	-0.43400000
850977	-0.71300000
850792	0.64200000
850974	0.93400000
850973	0.13800000
850972	3.38700000
850971	-1.18400000
851309	1.14400000
856468	1.60400000
856467	-1.21800000
856466	-1.39600000
856465	-1.25200000
856464	1.30500000
856463	-2.25200000
856462	-4.32200000
856461	-0.81100000
856460	1.33900000
852768	-0.07400000
852764	0.97100000
852765	-0.86200000
852766	-0.32200000
852767	-3.05900000
852761	3.65900000
852762	0.31000000
852763	0.40100000
856078	0.67800000
856075	-1.12000000
856076	0.05700000
856070	-1.18400000
856071	-1.55600000
855475	-0.35800000
855474	-0.78600000
855477	-1.78600000
855476	-0.57800000
855122	0.86400000
855470	-0.01400000
855473	-3.18400000
855472	0.18900000
855478	0.23900000
853419	-4.32200000
853418	0.04300000
853149	0.41100000
853147	0.87200000
853146	1.47000000
853416	0.36700000
853142	0.18900000
850829	-0.57800000
850821	-0.86200000
850820	-3.47400000
850823	1.58500000
850822	0.32200000
850825	-0.41500000
850824	2.34800000
850826	-0.45400000
856445	-0.97100000
856444	0.26300000
855125	0.55600000
856447	-0.34000000
856441	-0.04400000
856440	0.12400000
856443	0.01400000
856442	-0.78600000
855813	0.43300000
855812	0.11100000
855819	-0.18400000
851152	-1.05900000
851153	-0.91600000
851150	-1.02900000
851151	1.07000000
851156	0.42200000
851157	-0.23400000
851154	-1.94300000
856449	-3.47400000
856448	1.49600000
856898	-1.83700000
856899	-0.73700000
856896	0.87200000
856897	0.64200000
856895	-0.05900000
856892	-0.34000000
856893	-0.94300000
856890	-0.49400000
856891	-0.88900000
855268	-0.37700000
855269	-2.83700000
855260	-0.81100000
855261	-0.07400000
855262	-0.66700000
855264	1.32800000
855265	0.87200000
855266	1.49600000
855267	-0.71300000
850573	0.37900000
856799	0.34500000
853313	-0.16800000
853310	1.86400000
853311	0.23900000
853316	-0.26900000
853317	-2.25200000
853315	-0.10500000
856791	0.54600000
853318	-0.15200000
856792	1.40100000
856794	-0.34000000
856797	0.20200000
854331	-1.02900000
854330	-1.00000000
854333	-0.41500000
854332	-1.05900000
854334	1.34500000
854337	-0.25200000
854336	0.46500000
854339	-1.59900000
854338	-1.15200000
850574	-0.45400000
852953	0.83200000
852952	-0.15200000
852951	-0.49400000
852956	0.41100000
852955	-0.73700000
852402	-0.64400000
852958	-0.25200000
852408	0.79100000
856243	0.09800000
856241	0.89500000
856246	0.74800000
856249	-0.76100000
855959	-0.51500000
853733	0.32200000
852742	-1.47400000
852743	1.15100000
852740	0.75700000
856422	0.29900000
852747	0.77400000
852744	1.17000000
853345	0.87200000
851819	-1.69000000
851818	0.23900000
851813	-0.43400000
851812	0.59500000
851811	-0.49400000
851810	-0.21800000
851817	1.50100000
851815	0.15100000
851814	-0.21800000
853346	1.74400000
853617	5.87200000
856420	-0.25200000
853616	0.29900000
850498	0.91800000
850499	-0.34000000
853945	-0.47400000
853944	0.23900000
853942	0.50600000
853941	0.84000000
853940	0.84800000
850490	0.72200000
850491	1.88400000
850492	0.79100000
850361	4.43200000
850494	0.35600000
850495	0.08400000
850496	0.95600000
850497	0.74800000
856427	-1.59900000
856425	1.93400000
856424	2.84600000
856409	1.58000000
856401	-2.64400000
856400	-0.86200000
856403	0.22700000
856402	0.94900000
856404	-0.39600000
851367	0.60400000
851366	-0.69000000
856545	0.42200000
856540	0.69600000
855459	-0.49400000
855458	-0.37700000
855457	0.25100000
855456	0.90300000
855454	0.58500000
855453	-0.20100000
853436	-0.55600000
853434	0.01450000
853433	1.12450000
853432	0.17600000
853439	0.45400000
853438	0.00000000
853129	0.79100000
853128	-2.64400000
853121	1.50100000
853120	0.28700000
853122	0.91100000
853125	-2.73700000
853124	-1.35800000
853127	1.10400000
853126	-0.34000000
851447	-0.97100000
854477	-0.71300000
854475	-0.64400000
854472	-0.66700000
854473	-4.05900000
854470	-0.53500000
854471	-0.49400000
854479	0.49600000
850803	0.49600000
855870	-0.02900000
850800	-0.16800000
855875	-2.25200000
855877	0.16300000
850809	0.16300000
850808	0.34500000
851174	0.56600000
851177	-0.66700000
851170	-3.32200000
851172	-0.35800000
851173	-0.18400000
856548	-0.41500000
851220	0.46500000
851221	-0.20100000
851222	-0.45400000
851223	1.24500000
851224	-0.21800000
851225	0.52600000
850775	0.07000000
850774	0.47500000
850777	-0.04400000
850771	1.70900000
850773	-0.20100000
850772	-0.94300000
850779	0.87200000
850778	3.30600000
850708	0.79900000
855202	0.08400000
855203	0.40100000
855200	-0.73700000
855206	1.01400000
855207	-1.00000000
855204	0.34500000
855205	0.48500000
854690	1.77000000
854691	-1.08900000
854344	0.11100000
854345	-0.05900000
854694	0.37900000
854347	1.10400000
855109	-0.59900000
856647	-0.88900000
856646	0.21400000
854915	0.50600000
854914	-0.34000000
854916	-2.64400000
854913	0.00000000
854912	0.07000000
853334	1.02900000
853335	-0.45400000
853337	1.15700000
853330	-0.28600000
854918	-1.55600000
853332	-0.51500000
853333	-0.13600000
854319	0.34500000
854318	-0.73700000
854648	-0.39600000
854645	-0.37700000
854644	-0.28600000
854647	-1.15200000
854646	-0.66700000
854641	1.64600000
854640	0.80700000
854315	-0.51500000
854642	0.69600000
852429	0.74800000
852428	0.33300000
852427	-0.02900000
852426	-0.08900000
852425	0.43300000
852424	0.12400000
852422	0.71400000
852421	0.71400000
856649	0.69600000
853590	-0.39600000
853592	-0.15200000
853593	-0.28600000
853594	2.75500000
853595	0.74800000
853596	-0.94300000
853597	2.12100000
853598	-0.13600000
853599	0.69600000
855998	0.48500000
855999	-0.49400000
855993	2.13100000
855991	-4.05900000
855996	-0.91600000
855997	0.96300000
855994	0.66900000
855995	1.42200000
850663	-1.21800000
850846	-0.04400000
855837	-2.39600000
850345	-0.20900000
850346	-1.39600000
850347	0.09800000
850340	1.28700000
855197	-3.64400000
850342	-1.21800000
850343	0.32200000
850348	0.26300000
850349	2.08400000
855830	-0.47400000
853920	0.44400000
853923	0.66900000
853922	-0.10500000
853925	0.07000000
853926	0.01400000
850840	0.95600000
852880	0.43300000
852883	0.79100000
852885	0.90300000
852884	-0.05900000
851699	-0.39600000
851698	-2.64400000
852887	-0.78600000
851691	0.54600000
851690	-1.25200000
851693	-0.07400000
851692	1.03600000
851695	0.79900000
851694	0.78200000
851697	-0.39600000
851696	-0.25200000
853201	0.65100000
851435	-1.73700000
851342	0.13800000
851437	0.41100000
851340	-0.97100000
851347	2.24800000
851346	-0.21800000
851344	-1.00000000
856429	0.41100000
851348	-0.35800000
851439	-1.43400000
851438	2.42500000
850806	0.65100000
854447	-0.18400000
855439	-1.15200000
855438	-0.32200000
855430	-0.18400000
855436	1.33900000
853102	0.82400000
853453	0.04300000
853100	0.47500000
853106	0.21400000
853457	-0.13600000
853104	-0.25200000
853459	-1.00000000
853458	-2.25200000
853109	-0.64400000
852856	1.56100000
852857	0.82400000
852854	-3.83700000
852852	-1.88900000
852853	-2.64400000
852851	0.89500000
852858	0.98600000
856167	-0.57800000
856165	-0.34000000
856163	0.23900000
856161	-1.18400000
856168	0.65100000
856169	0.23900000
854450	-0.76100000
854452	0.20200000
854453	0.63200000
854454	1.13800000
854108	0.11100000
854109	-0.04400000
854106	0.12400000
854459	0.47500000
854105	-5.64400000
854102	0.13800000
855858	0.37900000
855850	-0.94300000
855857	0.12400000
855855	-1.69000000
855854	0.07000000
850367	1.11100000
850759	1.22700000
850758	1.57500000
850757	-1.88900000
850756	0.16300000
850755	0.68700000
850754	-0.07400000
850753	-0.47400000
850750	-4.05900000
850364	0.97100000
855229	0.98600000
855224	0.07000000
855226	0.42200000
855227	4.35100000
855220	-0.32200000
855221	0.47500000
855222	1.98200000
850443	0.12400000
850334	0.21400000
850441	0.07000000
850440	-0.32200000
850447	0.34500000
850330	-0.49400000
850333	2.78200000
852628	0.56600000
852198	1.36200000
852196	-1.08900000
852194	-0.05900000
852192	-0.08900000
856759	0.70500000
856758	-1.55600000
856754	0.45400000
856757	0.94100000
856756	1.25700000
856751	0.20200000
856750	-0.71300000
856753	0.66000000
856752	0.92600000
854939	-1.55600000
854938	-0.32200000
854937	-1.02900000
854936	-1.43400000
854935	0.60400000
854934	1.00700000
854933	0.91100000
854932	1.09100000
854931	-0.04400000
854930	1.57000000
852996	-0.88900000
852995	-4.64400000
852994	-2.05900000
852992	-0.45400000
852998	-0.45400000
852448	0.15100000
856281	-0.51500000
856280	1.51600000
852440	-1.39600000
852443	0.84800000
852442	1.88400000
852445	0.43300000
852444	0.80700000
852447	0.40100000
852446	1.07700000
854666	0.15100000
854664	-0.47400000
854663	-0.59900000
854662	0.29900000
854661	-0.04400000
854660	-0.51500000
854669	-0.86200000
854668	0.65100000
853716	1.32800000
853714	-4.05900000
853712	1.00000000
853713	-1.59900000
853710	-0.45400000
853909	0.26300000
853908	-0.91600000
853902	-0.81100000
853901	0.20200000
853900	0.40100000
853904	5.83700000
851419	-1.78600000
851418	0.86400000
851417	0.51600000
851416	0.58500000
851415	-0.39600000
851414	0.54600000
851413	1.00700000
851412	0.01400000
851411	0.63200000
851410	0.42200000
850327	2.78500000
851639	0.88800000
850324	1.48000000
855410	0.82400000
855417	-1.64400000
855416	0.18900000
855415	-2.00000000
855414	-2.18400000
855418	-0.15200000
852299	0.20200000
852294	-0.32200000
852295	0.36700000
852296	-1.08900000
852291	2.27200000
852292	0.71400000
852293	-0.59900000
853479	0.26300000
853478	0.88800000
853473	-1.59900000
853472	0.11100000
853471	-0.76100000
853477	0.75700000
853475	1.08400000
852870	-0.76100000
852871	0.25100000
852872	0.43300000
852873	0.91800000
852874	0.37900000
852875	-0.78600000
852876	-0.28600000
852878	-2.00000000
852879	1.56100000
856140	0.05700000
856141	0.40100000
856143	-0.37700000
856144	0.26300000
856145	-0.08900000
856146	-0.07400000
856147	2.43000000
856148	0.50600000
851310	0.95600000
854128	0.42200000
854129	0.29900000
851313	-1.47400000
854120	-0.69000000
854433	0.18900000
854123	-0.62100000
854436	-1.00000000
854125	0.79100000
854126	0.62300000
854127	0.53600000
851317	3.40700000
851318	-0.05900000
851319	-2.25200000
850739	0.72200000
850738	1.20800000
850731	0.25100000
850730	-0.20100000
850733	-0.43400000
850732	0.09800000
850737	-2.39600000
850736	0.56600000
851066	0.29900000
851067	-0.53500000
851064	-0.05900000
851065	0.98600000
851063	-1.55600000
851060	1.48500000
851061	-0.97100000
851068	1.03600000
851069	-1.88900000
854638	3.09900000
852607	-0.10500000
852606	0.02900000
852605	-0.02900000
852602	-0.13600000
852600	-0.51500000
852609	0.59500000
852608	-0.08900000
856777	0.62300000
856776	1.54600000
856775	-0.64400000
856772	0.88800000
856770	0.71400000
856778	1.02900000
855619	1.20200000
854631	-0.07400000
854950	0.58500000
854953	-0.04400000
854952	0.28700000
854954	-0.37700000
854957	0.88000000
854956	0.45400000
852463	0.46500000
852462	0.33300000
852461	-0.51500000
852460	0.18900000
852466	0.41100000
852465	0.78200000
852464	0.27500000
852469	-0.30400000
852468	0.79100000
854417	-1.64400000
851568	1.00000000
854144	-0.53500000
854413	0.02900000
852028	0.27500000
855607	0.41100000
855605	0.09800000
855603	-1.78600000
855600	-0.20100000
855609	-1.94300000
852203	-0.23400000
855958	-0.32200000
852202	0.32200000
855956	-0.59900000
855957	-5.05900000
855954	-0.18400000
855955	0.13800000
855952	-0.64400000
855953	0.69600000
855950	0.00000000
855951	-0.26900000
853730	0.40100000
853732	0.21400000
852200	2.06400000
853734	-1.73700000
853737	-0.86200000
853739	0.95600000
852206	-1.21800000
852205	-0.16800000
850388	1.07700000
850389	-0.94300000
850381	0.44400000
850382	-0.34000000
850383	0.60400000
850387	-0.12000000
850651	1.39500000
855141	1.55600000
851659	0.20200000
851658	2.51100000
851655	0.52600000
851654	0.29900000
851657	0.67800000
851656	-2.47400000
851651	1.16300000
851650	0.88000000
851387	-3.83700000
851386	-0.34000000
851385	3.62800000
851384	1.52100000
851383	0.89500000
851381	0.77400000
851389	0.91100000
851388	-0.64400000
851479	0.71400000
851478	-1.78600000
851471	0.20200000
851470	-0.37700000
851472	0.59500000
851475	0.05700000
851474	2.70700000
851477	-1.83700000
851476	-2.18400000
855381	-1.00000000
855380	-0.02900000
855387	0.74800000
855386	-0.20100000
855385	1.55100000
855389	-0.13600000
855388	0.45400000
855023	-3.05900000
852818	3.43200000
852813	0.17600000
852810	-0.76100000
852811	0.91800000
852816	0.57500000
852814	0.51600000
852815	0.21400000
856129	0.08400000
856123	0.11100000
856121	1.29900000
856126	-1.43400000
854143	0.63200000
854416	-0.97100000
854141	0.99300000
854146	-0.66700000
854411	-0.73700000
854412	0.48500000
854145	-0.23400000
854149	0.74000000
854418	-0.66700000
854419	0.76600000
850320	-1.55600000
850713	0.09800000
850712	0.97800000
850711	-0.64400000
850710	1.11100000
850716	-1.35800000
850715	-0.20100000
850714	-0.20100000
850719	-0.49400000
856519	-1.05900000
856517	0.04300000
856516	1.66400000
856515	-0.20100000
856514	0.96300000
856512	2.42000000
851660	-2.12000000
856510	1.20800000
851041	0.74000000
851042	-1.69000000
851045	-1.15200000
851048	-0.78600000
851049	-2.55600000
853406	-0.23400000
853407	0.62300000
852661	-0.94300000
852660	0.26300000
852663	-0.23400000
852662	-0.55600000
852665	0.89500000
852664	2.53900000
856711	-0.76100000
856713	2.78700000
856715	-0.02900000
856716	0.23900000
856719	-1.73700000
856718	0.82400000
854970	-0.34000000
854977	-0.55600000
854976	-1.59900000
854974	0.07200000
854979	0.56600000
854978	1.00000000
852489	-2.18400000
851445	0.95600000
852485	-1.32200000
852484	-1.55600000
852487	-1.59900000
852486	0.09800000
852480	-0.07400000
852483	0.60400000
852482	-0.32200000
856496	1.05000000
856497	1.04300000
851910	1.61400000
856268	1.66400000
855596	0.23900000
855597	-0.05900000
855594	1.01400000
855593	-0.02900000
856498	0.01400000
855598	-0.15200000
855599	-2.18400000
853281	1.03600000
853282	0.25100000
853283	0.05700000
853285	0.83200000
853538	-0.12000000
853287	-0.26900000
853534	-3.83700000
853535	-1.28600000
853532	0.11100000
856263	0.09800000
853530	-0.39600000
853531	0.07000000
856262	1.15700000
855620	-0.18400000
855621	-2.18400000
855622	1.38400000
855625	-0.35800000
855626	-0.55600000
855628	-3.05900000
855629	-0.97100000
855979	0.18900000
855970	-0.43400000
855971	0.34500000
855972	-2.12000000
855974	-0.04400000
855975	-0.88900000
855976	0.12400000
855977	-3.18400000
853758	3.48400000
853753	-0.55600000
853750	0.07000000
853751	0.35600000
853757	0.25100000
853755	-0.78600000
850830	-0.02900000
855804	0.69600000
850837	1.39500000
850835	0.23900000
854089	0.28700000
854088	-0.97100000
854087	0.26300000
854086	-0.12000000
854085	0.29900000
854084	1.10400000
854083	2.00700000
854082	-0.53500000
854081	-0.18400000
854080	-0.73700000
851677	0.32200000
851676	1.40100000
851672	0.36700000
851671	0.11100000
851670	0.00000000
851678	-3.64400000
851424	0.36700000
856481	-1.35800000
856480	0.48500000
856483	0.35600000
856482	0.39000000
856484	-0.32200000
856487	-0.21800000
856486	0.76600000
856489	-3.47400000
856488	-1.18400000
851459	0.65100000
851458	0.80700000
851908	1.00700000
851423	0.05700000
850506	0.74000000
850507	0.68700000
850504	0.23900000
855025	0.00000000
855022	0.47500000
850503	2.53400000
855020	0.87200000
855021	-0.34000000
855028	-1.69000000
855029	-0.35800000
855369	-1.32200000
855368	0.93400000
855364	0.17600000
855366	0.04300000
855360	-3.64400000
855363	2.85600000
855362	0.53600000
852834	0.88000000
852835	1.20200000
852344	0.04300000
852837	0.00050000
852830	1.24500000
852343	0.22700000
852341	1.25100000
852838	-0.07400000
852839	-0.35800000
852348	-3.05900000
852349	0.23900000
856105	0.91100000
856106	0.01400000
856100	0.02900000
856103	0.65100000
856108	4.84600000
854165	-1.55600000
854167	-1.32200000
854160	0.74000000
854161	-0.53500000
854163	0.45400000
850889	-0.41500000
850888	1.26900000
850883	-3.32200000
850882	-2.32200000
850880	-0.43400000
850887	-0.34000000
850886	0.49600000
850885	0.51600000
850884	-0.25200000
851029	-0.02900000
851027	-0.57800000
851024	0.68700000
851025	2.00700000
852649	0.11100000
852648	-0.66700000
852139	-1.59900000
852643	0.79900000
852641	0.88800000
852640	0.54600000
852647	-0.62100000
852646	-1.39600000
852133	0.31000000
852644	1.77800000
856739	0.16300000
856738	1.13800000
856733	1.51100000
856732	-0.26900000
856731	0.84800000
856737	0.55600000
856736	0.12400000
856734	0.81600000
854998	0.39000000
854995	0.69600000
854994	-0.37700000
854997	0.35600000
854990	-2.64400000
854993	-0.15200000
854992	-0.13600000
853518	-0.91600000
853510	0.77400000
853512	0.45400000
853513	0.18900000
853514	-0.12000000
853516	-1.25200000
855648	-0.30400000
855649	-3.18400000
855643	0.23900000
855640	-0.83700000
855646	-0.78600000
855645	0.22700000
853775	0.81600000
853776	-0.10500000
853777	0.66000000
853770	-1.25200000
853771	0.33300000
853773	0.31000000
853778	0.88000000
855912	-1.51500000
855913	0.78200000
855910	1.61400000
855911	-0.05900000
855916	1.20200000
855917	-0.20100000
855914	0.20200000
855919	-2.83700000
856931	1.26900000
851610	1.12400000
851613	-0.39600000
856935	-0.45400000
851617	-0.30400000
851616	0.09800000
856939	0.26300000
851618	-0.07400000
854205	1.33900000
854206	0.57500000
854201	1.34500000
854200	1.41700000
854203	-1.00000000
851928	1.23300000
851926	-0.13600000
851925	-0.08900000
851924	-3.32200000
851921	1.89900000
851920	-2.73700000
850696	-0.28600000
850694	-0.86200000
850695	-3.83700000
850692	0.49600000
850693	-0.34000000
850690	0.71400000
850691	0.44400000
850698	-2.55600000
850520	-0.15200000
850521	-1.55600000
850522	-1.00000000
850523	1.21400000
850524	0.15100000
855005	0.08400000
850527	1.24500000
850528	-0.23400000
850529	0.12400000
853207	-1.15200000
855347	-0.45400000
855346	1.46500000
855345	1.02900000
855344	0.46500000
855343	-1.73700000
855342	-0.41500000
855341	0.40100000
855349	0.12400000
855348	0.66900000
850570	0.65100000
852584	-0.28600000
852585	1.40600000
852586	0.01400000
852587	0.01400000
852580	0.46500000
852583	1.32800000
850577	-0.12000000
852589	-0.30400000
856694	1.51600000
856696	0.47500000
856697	-0.37700000
856690	-0.51500000
856691	-0.53500000
856692	-0.88900000
856698	-1.39600000
856699	-0.47400000
854836	-0.47400000
854834	2.02900000
854835	-0.28600000
854833	0.18900000
854831	0.94900000
854839	-0.49400000
852360	-0.69000000
852361	-1.51500000
852362	0.23900000
852363	1.04300000
852364	0.91800000
852365	0.54600000
852366	-1.39600000
852368	0.39000000
853188	-2.47400000
853183	0.65100000
853182	-0.64400000
853181	-1.88900000
853186	-0.39600000
853185	1.06400000
851307	0.61400000
851306	-0.07400000
851304	-0.53500000
851303	0.74000000
851302	-0.01400000
853286	1.37900000
853539	-0.23400000
853536	3.40600000
851005	0.36700000
851006	1.62300000
851007	0.84800000
851000	-0.73700000
851002	-0.01400000
851551	0.08400000
851008	0.09800000
851558	-0.53500000
851559	-0.69000000
854403	0.00000000
854402	0.72200000
854407	0.44400000
854154	0.51600000
854405	0.40100000
854404	-0.37700000
852117	4.38500000
852116	-1.88900000
852115	0.51600000
852114	0.49600000
852113	1.50600000
852112	0.07000000
852111	-1.64400000
852110	1.07700000
853573	2.28100000
853570	-1.25200000
853571	0.18900000
853574	0.13800000
853575	1.13100000
853578	0.88800000
853579	0.52600000
855664	-2.83700000
855665	0.62300000
855667	2.37600000
855660	-4.64400000
855661	-1.39600000
855662	-0.57800000
855663	-3.64400000
855668	1.44900000
855669	2.62300000
853798	0.55600000
853796	-0.57800000
853794	0.63200000
853792	0.02900000
853342	1.81600000
856315	-0.15200000
856317	-1.43400000
856316	-1.51500000
855938	0.32200000
855939	-0.08900000
856313	-2.05900000
855934	-0.43400000
855935	0.39000000
855936	-0.20100000
855937	1.28100000
855930	0.95600000
855931	1.18900000
855932	0.58500000
855933	0.87200000
856919	0.42200000
856918	-1.12000000
856913	-0.13600000
851632	-2.73700000
856911	-0.71300000
856910	0.21400000
856917	-0.66700000
856916	-0.43400000
856915	-0.30400000
851634	0.23900000
854229	-2.47400000
854227	-0.83700000
854225	1.61800000
854223	-0.23400000
854222	-0.57800000
854221	-1.28600000
854220	-0.66700000
850455	-0.13600000
851948	0.93400000
851943	0.74800000
851942	-0.62100000
851947	-0.76100000
851946	0.15100000
850457	-0.43400000
850451	-0.37700000
855068	-1.25200000
850549	-1.83700000
855062	0.96300000
855063	1.31600000
855060	-0.28600000
855061	0.08400000
855066	0.15100000
855067	0.25100000
850544	0.78200000
853899	-0.04400000
853898	-1.83700000
851495	-0.10500000
851494	0.02900000
851493	3.38400000
851492	0.88000000
851491	1.23900000
853891	0.05700000
853890	0.90300000
853892	-0.07400000
853895	-2.47400000
853894	-3.18400000
851499	-2.25200000
853896	-1.18400000
855321	1.67800000
855320	-1.00000000
855325	0.05700000
855324	0.12400000
855326	-2.83700000
855329	-0.41500000
855866	1.46500000
855499	-0.18400000
855498	1.36200000
855492	-2.83700000
855491	0.65100000
855490	-0.02900000
855497	0.61400000
855496	0.21400000
855495	-1.21800000
852569	-2.64400000
852566	0.43300000
852567	-0.37700000
852564	0.12400000
852565	-0.43400000
852562	0.21400000
852563	0.37900000
852560	-0.05900000
852561	0.69600000
856677	-0.49400000
856674	0.01400000
856675	-0.23400000
856672	0.32200000
856673	0.44400000
856670	1.94900000
856671	-0.26900000
854810	1.20800000
854812	1.20800000
854813	0.05700000
854814	-0.05900000
854815	0.04300000
854816	-0.25200000
854817	0.41100000
854818	-0.26900000
854819	0.92600000
852308	0.26300000
852309	-1.32200000
853301	-0.12000000
852302	0.53600000
852303	-1.05900000
852300	-0.16800000
852306	0.22700000
852304	-0.62100000
853300	0.84000000
853365	-0.97100000
855471	0.59500000
850955	0.97100000
850956	0.69600000
850951	-1.94300000
850950	0.59500000
850953	1.23900000
856568	0.96300000
856569	-0.62100000
856781	0.69600000
856784	-2.25200000
856563	-0.07400000
856785	0.26300000
856561	0.02900000
856566	0.84800000
856567	1.05700000
851797	-0.51500000
851790	-0.04400000
856564	3.18300000
856565	0.66900000
851799	-0.26900000
851570	0.67800000
851572	1.16300000
851574	0.01400000
851575	-2.00000000
851576	-0.01400000
851577	0.31000000
851579	0.33300000
852416	-0.15200000
852945	-0.57800000
852414	0.11100000
852415	-0.05900000
852940	-0.45400000
852943	-0.23400000
853417	0.02900000
853144	-0.21800000
853410	-0.47400000
851350	0.31000000
851453	-0.25200000
851904	0.75700000
851907	-0.69000000
851450	2.08100000
851352	1.40600000
851457	0.79100000
851456	-0.26900000
851902	0.40100000
852171	0.80700000
852170	-0.35800000
852172	-0.39600000
852177	0.22700000
852179	-0.04400000
853558	-0.53500000
853226	0.11100000
853227	0.40100000
853222	-1.35800000
853552	-0.71300000
855688	1.85600000
855689	-0.47400000
855686	0.04300000
855687	0.60400000
855682	0.45400000
855683	0.43300000
855680	0.08400000
855681	0.20200000
852795	0.70500000
852794	-0.81100000
852797	0.54600000
852796	0.48500000
852791	-0.10500000
852790	0.79100000
852793	0.78200000
852798	1.01400000
856084	-0.45400000
856087	-0.16800000
856081	0.97800000
856089	-0.59900000
856088	-2.47400000
854029	-2.05900000
854025	-1.28600000
854796	-0.37700000
854027	0.89500000
854021	-2.64400000
854020	-0.45400000
854791	-0.78600000
854022	0.53600000
856339	-0.35800000
856338	-0.01400000
856337	-0.41500000
856335	-0.76100000
856334	-0.25200000
856333	-0.15200000
856332	-0.91600000
854249	-0.53500000
854248	-0.55600000
854241	0.15100000
854242	-0.57800000
854247	-0.10500000
854246	0.02900000
850556	1.17000000
855044	0.51600000
855047	1.23300000
855041	0.74800000
855042	0.61400000
850563	1.07700000
850568	0.94100000
851962	-0.64400000
851960	1.00000000
851968	-0.88900000
855309	1.09800000
855302	-1.12000000
855301	-1.69000000
855300	-0.39600000
855306	0.18900000
855305	0.40100000
855304	0.22700000
856535	-0.43400000
851214	-0.43400000
856537	0.11100000
851211	-0.13600000
856530	-0.16800000
856533	0.97800000
856532	0.13800000
856539	2.80900000
855026	-0.73700000
852548	0.51600000
852549	-3.64400000
852098	0.43300000
850505	0.95600000
852540	-2.00000000
850502	0.46500000
852542	-0.62100000
852544	-2.05900000
852545	0.00000000
852546	1.48000000
856658	0.74000000
856659	0.93400000
850500	2.07400000
856650	0.68700000
856652	1.00700000
850501	1.38000000
856654	0.48500000
856655	-0.86200000
856656	-2.12000000
856657	-0.73700000
854878	0.63200000
854879	-0.64400000
854872	1.74400000
854871	1.51100000
854876	0.48500000
854877	-1.02900000
854874	0.23900000
854875	0.68700000
852892	0.59500000
852893	0.99300000
852890	0.37900000
852891	2.19200000
852896	0.17600000
852897	-0.20100000
852322	-2.32200000
852895	1.07000000
852899	1.04300000
852328	0.01400000
850508	-0.62500000
850509	-2.25200000
855827	1.03600000
853057	1.86800000
853056	-0.57800000
853051	-1.73700000
853050	0.09800000
853052	2.08400000
853059	0.12400000
853058	0.91800000
854498	-0.04400000
854499	-0.08900000
854494	-0.66700000
854495	0.47500000
854497	-0.91600000
854490	-0.28600000
854493	-0.12000000
850799	1.57500000
850979	2.66000000
850790	0.41100000
850797	-0.76100000
850796	-0.25200000
850795	-2.25200000
850794	0.02900000
851778	0.83200000
851779	-0.35800000
851776	-0.94300000
851777	1.50100000
851774	-0.78600000
851775	1.07000000
851772	0.05700000
851770	-0.08900000
851771	-0.88900000
853260	-0.51500000
851518	-0.30400000
851512	1.06400000
851513	-0.30400000
851511	1.96700000
851516	0.44400000
851517	1.20800000
851514	1.33300000
855518	-0.69000000
855517	0.57500000
855514	-0.43400000
855515	-0.55600000
855512	-2.32200000
855513	0.22700000
855510	-0.49400000
852126	-1.08900000
852159	-0.51500000
852127	1.43800000
852153	-0.83700000
852152	0.15100000
852150	0.28700000
852154	-0.13600000
852125	2.05700000
850477	-0.69000000
853200	0.23900000
852122	0.60400000
853202	-0.91600000
853203	1.33300000
853204	0.12400000
853205	0.54600000
852651	0.13800000
854007	-0.49400000
854006	0.49600000
854003	-0.53500000
854002	1.35600000
854001	1.26300000
854009	0.44400000
856359	-1.18400000
856358	0.45400000
856351	0.25100000
856350	-0.69000000
856353	-1.25200000
856352	-2.73700000
856355	-0.10500000
856354	-0.10500000
856357	1.56600000
856356	-1.02900000
854263	-2.25200000
854262	-6.64400000
854260	-1.25200000
854267	0.75700000
854266	0.51600000
854265	-1.51500000
854264	0.87200000
854268	-1.43400000
850588	1.14400000
850587	0.65100000
850584	0.15100000
850580	1.16350000
850581	1.11100000
853859	-0.13600000
853858	0.54600000
853855	-0.88900000
853854	-0.02900000
853857	0.36700000
853856	1.06400000
853851	-0.47400000
853853	1.30500000
853852	0.17600000
851988	-0.76100000
851984	0.45400000
851987	0.91800000
850530	0.77400000
851981	0.21400000
851980	-0.59900000
851983	0.87200000
851982	0.17600000
851185	0.17600000
851184	0.12400000
851187	-0.53500000
851181	0.67800000
851189	-0.39600000
851379	-0.66700000
851239	2.64200000
851237	0.99300000
851236	-0.16800000
851235	-0.20100000
851234	0.01400000
851232	-0.12000000
856511	0.60400000
851230	-0.37700000
852522	-0.13600000
852523	1.24500000
852520	-0.66700000
852521	-0.57800000
852526	-0.26900000
852525	0.29900000
852528	0.55600000
852529	-0.30400000
856632	-0.15200000
856633	-0.73700000
856630	-0.07400000
856637	1.39000000
856634	0.05700000
856638	3.03600000
856639	-0.55600000
854854	0.74000000
854855	0.91800000
854856	1.43800000
854857	3.48200000
854850	3.93500000
854851	0.94100000
854852	1.29300000
854853	0.69600000
851372	0.73100000
856188	0.21400000
856184	0.00000000
856186	0.28700000
856187	0.74800000
856180	1.34500000
856182	-0.18400000
856183	-0.49400000
851373	0.64200000
851378	0.73100000
853693	1.54100000
853697	0.34500000
853696	2.40100000
853695	0.80700000
853699	2.01100000
853698	1.19500000
855725	-0.12000000
855724	0.23900000
855727	1.29900000
855726	0.55600000
855721	-3.47400000
855720	-0.02900000
855723	1.44400000
855722	0.91100000
855729	0.16300000
855728	-0.16800000
855886	1.36200000
855887	1.56600000
851377	0.88800000
855888	0.44400000
853079	0.17600000
853078	0.11100000
853077	0.66900000
853076	-0.73700000
851375	0.94100000
853072	0.00000000
853071	-1.88900000
850919	-4.05900000
850918	-1.94300000
850911	-0.86200000
850912	-0.25200000
850915	0.32200000
850914	0.69600000
850917	0.54600000
852346	1.83200000
852342	1.17600000
852340	-0.02900000
852833	-0.13600000
851758	0.93400000
851759	1.52100000
853524	-0.18400000
851751	0.11100000
851752	-0.64400000
851753	-0.81100000
851754	0.64200000
851755	0.82400000
851757	-0.32200000
853526	-2.83700000
853520	0.11100000
850296	-0.56350000
853522	0.20200000
850297	0.74800000
851535	1.67800000
851536	1.32800000
851537	0.41100000
851530	-1.59900000
851532	1.43300000
851533	1.24500000
850295	4.99900000
851539	0.13800000
855088	0.36700000
855539	-3.18400000
855530	-0.45400000
855531	-1.00000000
855533	-0.64400000
855534	-0.34000000
855535	0.35600000
855536	0.63200000
855087	0.16300000
851210	-0.97100000
850517	0.46500000
853455	0.23900000
853262	-2.12000000
853454	1.91800000
853261	0.01400000
853266	0.39000000
853267	4.12100000
853264	-0.43400000
853265	-0.71300000
853268	0.12400000
854061	-0.69000000
854060	-0.91600000
854063	0.00000000
854065	-0.01400000
854064	0.64200000
854066	0.73100000
854068	-0.30400000
856373	-1.73700000
856372	0.17600000
856371	-2.39600000
856370	-0.39600000
856377	0.08400000
856376	0.89500000
856375	-2.00000000
856374	-3.32200000
854289	-0.20100000
854285	-2.00000000
854284	0.01400000
854287	1.76600000
854286	-1.47400000
854281	0.11100000
854280	0.12400000
854283	-0.45400000
854282	0.96300000
853486	0.93400000
853487	-0.86200000
853484	0.78200000
853485	1.09100000
853482	0.51600000
853483	1.27500000
853481	-0.30400000
853488	-0.45400000
853489	-0.57800000
855880	-0.10500000
855881	-2.25200000
855882	0.11100000
855883	0.67800000
855884	-1.12000000
855885	0.08400000
850618	-0.55600000
850619	-0.35800000
850616	1.56600000
855889	-0.51500000
850614	1.91500000
850612	0.50600000
850613	0.76600000
850610	1.25700000
850611	0.81600000
853877	0.13800000
853876	1.23900000
853875	1.09800000
853874	-0.37700000
853872	1.63700000
853871	-0.05900000
853870	-2.55600000
855080	-1.32200000
855081	-1.59900000
855082	0.93400000
855083	-1.08900000
855084	1.61800000
855085	0.43300000
855086	0.54600000
853878	-0.62100000
850436	-0.35800000
850437	-0.34000000
850434	0.85600000
850435	-1.21800000
855153	-0.97100000
855150	-1.51500000
855159	-0.81100000
856579	0.44400000
856571	-0.45400000
856573	-0.69000000
856572	-0.02900000
851255	-0.59900000
851254	2.20500000
856577	0.05700000
856576	1.49600000
852058	-2.18400000
852059	-0.02900000
852504	-0.66700000
852057	0.39000000
852506	-0.21800000
852507	0.13800000
852501	-0.59900000
852502	1.30500000
852503	0.94100000
856614	-0.20100000
856615	-1.25200000
856616	3.96200000
856610	-1.64400000
856611	-0.32200000
856612	-1.15200000
856613	-1.00000000
851314	-0.83700000
851315	0.79100000
853679	0.91100000
853678	-0.45400000
853675	0.77400000
853674	-1.83700000
853677	1.32200000
853671	0.13800000
853670	1.15700000
853673	1.79100000
855709	-0.76100000
855708	-0.66700000
855706	0.08400000
855705	0.57500000
855704	0.04300000
855703	-0.39600000
855701	-3.05900000
855700	0.75700000
853019	1.69600000
853011	-0.69000000
853010	0.12400000
853015	-1.83700000
853014	-1.47400000
853017	-0.78600000
853016	-0.57800000
853312	-0.53500000
851605	1.37300000
851259	-0.28600000
856793	0.45400000
853319	0.21400000
851250	0.31000000
851884	0.68700000
851730	-1.47400000
851731	0.02900000
851880	1.57500000
851881	1.59500000
851882	-0.57800000
851739	-2.39600000
851888	0.56600000
851889	0.40100000
856574	-2.94300000
854544	0.63200000
854545	1.22700000
854542	-0.20100000
854543	-2.00000000
854541	-2.73700000
851256	0.04300000
854549	0.52600000
850933	0.73100000
850930	0.63200000
850287	0.33300000
850934	-0.86200000
850289	0.51600000
850939	-0.86200000
850938	-0.64400000
854445	-1.32200000
851088	0.33300000
851089	-0.88900000
851084	0.25100000
851085	1.66400000
851086	0.05700000
851082	-2.32200000
851083	0.37900000
852405	-0.07400000
852404	-0.30400000
852407	0.92600000
852406	-0.64400000
852401	0.35600000
852403	-0.13600000
853133	-0.45400000
853130	-1.18400000
850425	-0.38150000
850424	0.01400000
850427	0.20200000
853423	-0.21800000
850421	-0.94300000
850420	-0.37700000
850423	-0.78600000
850422	-3.60100000
850429	-0.86200000
853426	-0.20100000
853135	0.87200000
852054	0.18900000
852050	-0.41500000
852051	-0.23400000
855552	-0.12000000
855553	1.62800000
855556	-3.64400000
855554	-1.25200000
855555	-0.18400000
855558	-1.69000000
852265	-0.69000000
852264	-0.83700000
852261	-1.05900000
852260	-0.04400000
852262	-0.37700000
852269	-0.94300000
853248	-2.47400000
853249	-3.47400000
853246	-0.59900000
853247	-0.51500000
853241	-2.25200000
853242	-0.13600000
853243	0.13800000
854739	1.15700000
854735	0.87200000
854734	1.25700000
854737	-0.01400000
854736	0.52600000
854047	-0.16800000
854046	-1.00000000
854733	1.11800000
854732	-0.30400000
856398	-0.91600000
856394	-0.25200000
856397	1.41100000
856391	0.47500000
856390	0.69600000
856393	0.62300000
856392	-0.43400000
850639	0.12400000
850630	-0.20100000
850631	0.08400000
850632	0.55600000
850633	0.29900000
850635	0.92600000
850636	-0.59900000
850637	0.34500000
853811	-1.88900000
853815	-1.35800000
853814	0.25100000
853817	0.42200000
853816	-0.10500000
853819	0.23900000
853818	1.49600000
856805	-1.28600000
856804	0.07000000
856807	-0.26900000
856557	-0.20100000
856800	0.34500000
856803	-0.94300000
856802	0.90300000
856558	0.15100000
852079	0.97100000
850514	1.02100000
852070	-0.12000000
852071	0.69600000
852073	-0.47400000
852074	0.13800000
852075	-0.64400000
852076	-4.64400000
852077	-0.69000000
850516	1.41700000
850511	0.09800000
850510	1.42800000
854898	-3.83700000
854899	0.99300000
850513	-0.45400000
854892	-1.78600000
854894	-1.28600000
854895	-1.32200000
854896	0.18900000
854897	1.09100000
850519	0.00000000
853656	0.27500000
853654	-2.18400000
853653	0.31000000
853652	-0.41500000
853651	-1.83700000
853650	0.69600000
853658	0.66000000
853389	1.63200000
853381	-0.15200000
853382	0.94100000
853385	-1.12000000
853384	0.08400000
851333	0.50600000
855769	0.08400000
855768	0.49600000
852386	0.13800000
852387	-0.43400000
852385	-0.88900000
855761	0.05700000
855760	0.36700000
855763	-0.35800000
855762	-0.88900000
855765	0.53600000
855764	-0.04400000
855766	0.74800000
853033	0.74800000
853031	1.13800000
853030	-0.64400000
853037	-0.05900000
853036	0.53600000
853034	0.08400000
853039	-0.34000000
850810	-0.16800000
850811	0.32200000
850812	-1.05900000
854384	-0.62100000
854385	-0.73700000
854386	-0.49400000
854387	0.00000000
854380	-0.78600000
854381	-3.05900000
854383	1.63700000
854388	0.26300000
852926	-0.28600000
852924	-0.45400000
852925	0.54600000
852922	-2.05900000
852923	1.14400000
852920	0.37900000
852921	-0.26900000
856236	0.18900000
856234	-0.49400000
856232	0.81600000
856233	-0.21800000
856230	-0.43400000
856231	0.31000000
856239	0.72200000
851718	0.52600000
851719	0.39000000
851716	-0.69000000
851865	1.32800000
851862	0.07000000
851860	0.56600000
854560	-0.83700000
854564	0.78200000
854565	-0.15200000
854567	-0.02900000
854569	-0.07400000
853946	-1.15200000
850368	-0.62100000
850369	0.93400000
850360	0.58500000
850409	-0.28600000
850407	0.08400000
850406	-0.21800000
850405	0.72200000
855164	-0.66700000
855162	-0.41500000
853949	0.01400000
854056	-1.25200000
854057	0.44400000
854050	0.29900000
854053	-0.57800000
852886	0.11100000
855578	0.40100000
855575	-0.18400000
855577	-1.21800000
855570	-0.39600000
855571	-1.78600000
855573	-1.88900000
852136	-0.12000000
852131	0.73100000
852130	0.70500000
852645	-0.86200000
852249	-0.57800000
852248	-1.21800000
852247	-0.21800000
852245	-0.57800000
852244	-0.10500000
852243	0.40100000
852242	1.12400000
852240	0.45400000
856005	0.17600000
856001	0.92600000
856000	0.88800000
856002	-0.49400000
856492	-0.34000000
850807	-0.39600000
856490	0.28700000
854716	-0.76100000
854714	-0.12000000
854711	-2.83700000
854710	0.08400000
854719	0.66900000
854718	-1.64400000
850652	-5.05900000
850653	-0.25200000
850874	1.05700000
850875	0.23900000
850872	-2.73700000
850873	-0.49400000
850654	1.34500000
850658	0.27500000
850659	-0.39600000
850878	0.84800000
850879	-0.88900000
850805	0.47500000
853839	-2.12000000
853832	1.05000000
853830	0.72200000
853836	-0.39600000
853834	-0.28600000
856494	-1.32200000
850476	0.09800000
850865	1.14400000
851299	0.07000000
856829	1.23300000
856828	0.33300000
851295	-0.69000000
856825	3.57000000
856824	1.02900000
856823	-0.32200000
856822	0.43300000
851292	0.07000000
851905	-0.53500000
851733	-0.39600000
851886	0.71400000
851887	0.88000000
851736	0.01400000
851737	-0.12000000
851734	-1.39600000
855299	0.46500000
852013	-0.51500000
852016	-0.08900000
852017	-0.28600000
852014	0.29900000
852015	-0.97100000
855293	0.95600000
855294	0.63200000
853631	0.83200000
853630	0.13800000
853632	-0.71300000
853635	-0.86200000
853634	0.07000000
853636	0.72200000
853639	2.54100000
853638	1.00000000
851906	0.00000000
855743	0.21400000
855742	0.64200000
855741	1.60400000
855747	0.01400000
855746	-2.00000000
855745	-3.64400000
855744	1.16300000
855749	-1.32200000
855748	-0.47400000
851361	1.73600000
851360	0.33300000
851363	0.42200000
851362	-2.73700000
851365	0.74000000
855897	0.22700000
851900	0.76600000
855895	1.37900000
855894	-1.21800000
855893	-0.02900000
855892	-0.57800000
855891	-0.41500000
855890	-2.83700000
854368	-0.18400000
854369	-0.04400000
854364	-0.49400000
854362	0.41100000
854363	-0.94300000
854360	-1.02900000
854361	1.05700000
852902	3.33300000
852903	-0.18400000
852904	0.91800000
852905	0.73100000
852354	0.35600000
852908	0.05700000
852357	-0.16800000
856213	1.25700000
856214	1.27500000
856216	0.31000000
856217	-1.32200000
856218	0.33300000
856219	-2.18400000
851848	0.50600000
852353	-0.73700000
851841	0.86400000
851842	-0.26900000
851844	0.41100000
851845	1.86000000
851846	1.81100000
851847	0.59500000
854508	0.21400000
854509	0.94900000
854503	0.13800000
854500	0.13800000
854501	-0.10500000
854506	-0.83700000
854507	0.23900000
854504	-0.23400000
854505	0.36700000
851216	0.64200000
853994	0.88800000
853997	-2.47400000
853990	-1.32200000
853991	0.57500000
853992	-0.66700000
855101	0.84800000
855103	-0.02900000
850462	0.20200000
853999	0.75700000
855107	1.89900000
850466	-0.47400000
851590	-0.76100000
851591	-0.10500000
851596	1.20200000
851597	1.28100000
851594	-1.02900000
851595	0.76600000
856456	0.07000000
856457	0.33300000
856454	0.74000000
856455	0.46500000
856452	0.08400000
856453	-0.30400000
856450	0.49600000
856451	0.53600000
856458	0.45400000
856459	-1.25200000
852737	1.10400000
852735	0.90300000
852734	2.41700000
852733	-0.18400000
852732	-0.02900000
852730	-1.25200000
852738	-0.43400000
852229	-0.12000000
856026	-2.32200000
856021	-0.15200000
852221	0.39000000
852223	-0.08900000
852222	0.85600000
852225	-0.62100000
852224	0.22700000
856029	-0.62100000
856028	0.47500000
853177	0.32200000
853174	0.31000000
853175	-2.00000000
853173	-2.18400000
853170	0.26300000
853178	-0.39600000
853179	0.58500000
854771	-0.28600000
854770	0.79900000
854773	-0.30400000
854772	0.11100000
854775	0.97800000
854777	1.45400000
854776	0.11100000
854778	0.85600000
850678	-2.32200000
855829	0.65100000
850859	-3.64400000
855824	0.98600000
850677	0.23900000
850670	0.84800000
850671	-0.39600000
855820	-0.78600000
850673	-2.25200000
854196	0.27500000
854191	-0.59900000
854190	0.53600000
854192	-0.10500000
854199	-0.97100000
855145	-1.05900000
855144	-0.51500000
855147	-0.25200000
851109	0.16300000
851108	1.49600000
851105	-0.73700000
851104	-2.32200000
851107	-0.13600000
851106	0.61400000
851101	0.36700000
851100	-1.02900000
851103	1.02900000
855140	0.63200000
855143	-1.83700000
855142	0.32200000
856597	0.92600000
856596	0.21400000
856595	0.71400000
856594	-1.47400000
856591	0.32200000
855149	3.35500000
856599	0.72200000
856598	0.44400000
856849	-0.78600000
856848	-0.05900000
856841	0.78200000
856840	-0.49400000
856842	0.00000000
856845	0.12950000
856844	-0.04400000
856847	-0.25200000
856846	-2.47400000
852038	0.48500000
852039	-1.64400000
852034	-0.18400000
852035	1.64200000
852030	-0.12000000
852031	0.91800000
852033	0.78200000
853619	2.18900000
853618	0.70500000
853349	0.84000000
853348	0.02900000
853613	4.29500000
853344	0.09800000
853347	-1.88900000
853610	-1.35800000
853341	1.45400000
853340	0.99300000
853615	-0.35800000
853614	1.84000000
856544	-2.25200000
856817	0.79900000
851266	0.66000000
851267	0.08400000
856812	2.73600000
856813	1.41100000
851611	1.93400000
856810	0.48500000
856811	0.71400000
856933	0.49600000
851615	-1.35800000
856934	0.55600000
852692	0.26300000
852694	0.64200000
852696	-0.78600000
853303	-1.59900000
853305	-2.12000000
853304	2.06000000
853307	-0.30400000
854698	0.21400000
854699	-0.25200000
854692	-0.71300000
854693	1.27500000
854342	0.32200000
854343	-0.01400000
854696	-0.83700000
854697	-1.25200000
854346	0.50600000
854695	2.78000000
852968	0.29900000
852969	-0.20100000
852963	-0.62100000
852960	-0.83700000
852966	-0.21800000
852967	0.74800000
852964	-0.39600000
856278	1.22000000
856279	-0.10500000
856272	-1.88900000
856270	-0.07400000
856271	0.99300000
856277	-2.47400000
854525	-0.37700000
854527	-0.76100000
854529	2.78700000
850991	-0.30400000
850993	-1.32200000
850992	1.12400000
850995	0.80700000
850994	-0.91600000
850997	1.50100000
850996	-3.64400000
850999	0.71400000
850998	-0.91600000
854657	-0.59900000
854654	0.17600000
854655	-1.00000000
854652	0.22700000
854653	-0.39600000
851822	0.68700000
851823	1.21400000
851820	-2.47400000
851821	0.05700000
851827	-0.71300000
851824	0.21400000
851825	-0.37700000
851829	3.72400000
855123	0.79900000
850442	0.53300000
855121	-1.15200000
855120	1.05000000
855126	-0.53500000
850445	-0.83700000
850444	0.97100000
855128	-1.25200000
850339	1.11100000
853977	-0.78600000
853974	-1.25200000
853975	-0.32200000
853972	-0.43400000
853973	1.31600000
853971	-0.23400000
852045	-0.73700000
852044	0.79100000
852041	0.82400000
856470	-0.47400000
851311	1.79500000
856472	0.20200000
856473	0.91100000
856474	1.56100000
856475	1.13800000
856476	-0.25200000
856477	-0.57800000
856478	-0.12000000
856479	-0.43400000
852751	0.13800000
852750	-0.28600000
852753	1.26300000
852752	0.35600000
852755	0.13800000
852754	-1.83700000
852757	-3.18400000
852756	2.29300000
852209	-0.62100000
856041	-0.66700000
856042	-0.28600000
856045	1.09100000
856044	-1.21800000
856048	1.08400000
855466	-2.55600000
855467	0.16300000
855465	-1.47400000
855462	-0.51500000
855463	-0.23400000
855460	-1.64400000
855461	0.54600000
855468	1.32800000
855469	1.15100000
853150	0.59500000
853151	0.29900000
853152	1.03600000
853153	-0.21800000
853154	1.13100000
853155	-0.01400000
853408	-0.28600000
853409	-0.59900000
853158	1.70500000
853159	1.79100000
853401	1.54100000
854759	-1.94300000
854758	-0.43400000
854753	0.42200000
854750	0.61400000
855808	0.09800000
850838	-0.35800000
850839	0.26300000
855802	1.05700000
855803	1.13100000
850836	0.23900000
855805	1.35000000
855806	1.75700000
851126	-0.10500000
851125	-1.59900000
851124	1.91100000
851123	-1.83700000
851122	-0.59900000
851121	-0.88900000
851129	-0.02900000
856863	-3.18400000
856862	-0.15200000
856861	4.10900000
856860	0.55600000
856866	-1.08900000
856865	0.52600000
856864	-2.32200000
856868	-1.00000000
855003	0.35600000
855008	-0.83700000
855009	1.27500000
855255	-0.91600000
855254	-0.73700000
855256	-0.04400000
855251	-0.88900000
855250	0.42200000
855252	-1.08900000
855787	-0.08900000
855786	-0.20100000
855785	0.39000000
855784	-0.81100000
855783	0.45400000
855782	-2.18400000
855781	0.87200000
855780	0.28700000
855789	-3.47400000
855788	0.66000000
853640	1.26300000
853641	2.16700000
853642	0.41100000
855871	1.47000000
853643	-1.47400000
853396	-0.35800000
856788	-0.05900000
855872	0.02900000
853363	1.57500000
853361	0.53600000
856782	1.84800000
856783	0.50600000
853395	0.53600000
856786	1.26300000
856787	0.98600000
853369	-0.25200000
854322	-0.34000000
854320	-0.45400000
854321	0.95600000
854326	1.22000000
854327	-0.21800000
854324	-0.41500000
854325	-0.94300000
854328	0.08400000
854329	0.45400000
852944	0.96300000
852417	1.68700000
852412	-0.43400000
852410	-0.18400000
852411	-0.12000000
852949	0.35600000
852418	-0.69000000
852419	0.89500000
856250	-1.59900000
856251	-0.97100000
856253	1.86800000
853091	0.04300000
853090	0.59500000
853093	0.64200000
853095	0.88800000
853097	-0.64400000
853099	-2.32200000
853098	-0.25200000
851808	-1.02900000
851809	-0.69000000
851805	-0.45400000
851807	0.80700000
851800	0.55600000
851802	-1.69000000
851803	-1.05900000
850319	0.97800000
850317	2.03900000
850314	-0.08900000
850313	0.18900000
850312	-0.20100000
850310	-0.18400000
853958	0.00000000
853959	0.97100000
853951	2.47500000
853952	-0.07400000
853953	-0.43400000
853954	-0.10500000
853955	1.21400000
853956	-4.64400000
853957	-0.78600000
854043	1.97100000
854040	-0.04400000
854731	-1.69000000
856418	-0.01400000
856419	0.52600000
856412	-0.81100000
856413	-2.55600000
856410	-0.59900000
856411	3.18300000
851376	1.03600000
856417	0.96300000
856415	-2.18400000
856552	0.84000000
856551	0.66900000
852779	-1.64400000
852778	0.65100000
852773	0.02900000
852772	0.27500000
852771	-0.10500000
852770	0.81600000
852777	0.22700000
852775	-1.59900000
852774	0.79100000
856069	-0.88900000
856068	-0.53500000
856063	-3.64400000
856062	0.36700000
856067	0.02900000
856066	-0.32200000
856065	-0.08900000
855440	0.08400000
855441	-0.34000000
855442	-0.37700000
855443	0.26300000
855446	-0.76100000
855447	2.99300000
855449	-1.78600000
853428	-1.55600000
853429	0.82400000
853138	0.79900000
853421	0.73100000
853136	0.23900000
853137	0.23900000
851452	0.23900000
853427	-0.21800000
851451	1.48000000
855136	-0.30400000
855130	2.27200000
855131	1.32800000
855862	-2.32200000
855863	2.57500000
855860	0.43300000
850817	1.23900000
851455	0.94900000
855867	0.81600000
855864	3.31300000
855865	-2.32200000
850819	1.29300000
851140	0.77400000
851145	-0.26900000
851147	0.13800000
851148	0.40100000
851454	-0.04400000
856888	-1.21800000
856885	1.58000000
856884	0.70500000
856887	-0.01400000
856886	1.02900000
856883	-0.16800000
856882	2.03900000
850767	-0.07400000
850764	-1.02900000
850762	-1.47400000
850763	-3.47400000
850768	0.39000000
850769	2.42800000
851427	-2.25200000
856436	-1.78600000
851425	0.13800000
851422	-1.00000000
856431	-0.69000000
851721	-0.51500000
856432	1.97100000
851720	-0.01400000
855139	-3.05900000
851421	-0.39600000
851723	0.22700000
855277	-0.04400000
855276	0.07000000
855275	-0.57800000
855271	-0.21800000
855270	-2.55600000
855278	0.64200000
851727	-1.59900000
851358	0.12400000
851894	-1.43400000
851359	1.61400000
853500	-0.30400000
854906	-0.08900000
854907	-0.13600000
854904	0.99300000
853302	0.02900000
854902	-1.94300000
854903	-0.53500000
854900	-0.43400000
854901	-1.18400000
853308	-0.78600000
854908	6.90800000
854909	0.16300000
854309	-1.15200000
854658	-1.78600000
854659	-0.66700000
854305	0.79900000
854306	0.28700000
854307	-0.15200000
854300	0.45400000
854301	-1.88900000
854303	1.91800000
852431	-0.91600000
852432	-1.08900000
852433	1.09800000
852434	0.44400000
852435	0.47500000
852436	0.61400000
852437	-0.73700000
852438	-1.32200000
852439	-1.35800000
850487	0.16300000
850486	1.49100000
850485	0.55600000
850482	-0.01400000
850480	0.36700000
850489	0.29900000
850488	2.13400000
853932	0.87200000
853933	-1.21800000
853930	-2.18400000
853931	-3.18400000
853936	0.50600000
853937	-0.78600000
853934	-1.69000000
853935	0.66000000
850370	0.41100000
853938	0.83200000
853939	0.60400000
850375	-1.43400000
850377	-1.43400000
850376	-0.88900000
851688	-1.59900000
851682	0.71400000
851680	-0.18400000
851681	-0.45400000
851686	0.80700000
851687	0.45400000
851685	-0.83700000
856435	-0.45400000
851356	-0.20100000
856437	-0.83700000
851420	1.23300000
856438	0.23900000
856439	1.06400000
851428	-0.86200000
851429	0.13800000
856433	1.41100000
